500
0 3010 9225 6688 7783 2992 5298 2417 6957 3486 6630 4765 
1 4582 7995 4493 8239 8916 4831 1687 8100 568 4528 
2 9232 9588 2880 7552 6811 8348 2338 8142 7097 5286 2136 3521 
3 809 9605 9382 973 9998 7246 4858 20 9386 5870 3863 
4 6069 2866 5743 9984 697 6468 489 8163 1095 113 1187 9590 8958 6186 4399 8599 1105 
5 962 5182 4601 1522 1899 2621 9966 3606 1263 3106 
6 2245 6047 6661 345 8366 1087 7359 6210 4903 9946 9293 8396 
7 8749 7970 6092 635 2535 7098 3176 3417 5705 3425 8498 
8 1413 7905 4132 2105 8940 478 6522 1663 591 3300 
9 8758 4558 7400 3194 6917 1734 6637 475 6290 4591 3693 8111 4223 5187 76 9301 7762 4909 1647 3371 
10 3787 2956 4490 1450 4183 3672 3714 1692 4087 4849 6390 7285 2870 7864 
11 706 5879 8972 407 9101 6142 3389 8949 3813 
12 9817 2324 9863 8326 5472 4113 6485 4182 642 8978 5457 
13 1618 4817 9737 3332 5959 5625 1729 2106 
14 4984 2083 7713 9367 366 5001 6031 1357 8494 6089 7202 4669 1557 
15 9514 3527 3391 4496 1098 4902 7176 2308 6742 863 6744 
16 9782 7451 6691 8464 3208 7000 5678 2593 4718 6891 759 5401 9199 4362 
17 7245 2089 5913 3591 9493 5581 9305 1652 9809 3609 2867 7641 4269 
18 252 8356 3613 9437 7632 7021 6297 5444 3572 9989 1083 3074 7120 
19 518 6514 5416 7322 8703 7320 5083 9574 4076 9976 3261 1601 7787 6258 2962 8716 
20 5327 1497 5976 4694 9240 4598 5653 1449 8333 6020 
21 4042 8511 3279 4237 9289 4107 1840 9699 8281 4795 6385 4442 2322 7880 
22 2789 7697 8168 87 9060 3954 8570 3743 6641 1839 4243 8307 
23 4704 2508 3909 8556 2127 1198 531 5836 7940 8278 9296 6748 8125 3144 
24 4154 8410 8335 7750 2445 1695 6549 5483 7171 7947 1144 1500 4282 374 9244 
25 8412 4529 1034 2006 2302 5814 8230 283 1115 7851 8075 4254 8910 
26 5242 4328 2816 2267 6370 317 3133 5957 2627 7434 4437 
27 1253 7099 5165 6420 2406 3397 3852 9422 7450 8698 2544 2927 
28 5279 3879 3420 5181 9779 2044 6702 9548 8050 1206 2858 
29 8913 7109 5786 3625 3978 195 3071 6729 3453 6269 6922 79 9968 6938 
30 9195 2200 8115 5028 5757 2819 4516 7830 2 
31 9844 6308 8826 398 3551 8113 4546 637 6732 2721 7404 822 7247 4970 
32 8673 8449 4447 8234 9353 1995 1951 667 1432 8508 6492 
33 5249 503 6965 9780 4929 8204 3643 1250 7485 5744 2702 9169 7060 4962 
34 8225 5868 8301 12 6480 8392 103 2024 7207 355 867 
35 7533 4072 6295 2387 733 2046 4450 6897 2540 9495 2823 9179 4222 
36 5991 8670 8477 6933 1826 5676 6871 5302 904 771 9943 3765 9604 1341 6244 3032 
37 5162 4665 3310 4806 5930 4213 659 7901 8710 8900 5451 
38 5118 658 9282 4085 9867 5778 2955 7253 9257 6692 
39 9629 8524 4732 9727 9154 8388 1183 9657 8118 2965 7433 220 6499 7456 
40 297 869 854 4460 7649 2270 1832 7154 976 7972 5504 
41 6722 8153 3542 1661 1624 4522 3933 9365 7376 6022 9480 2013 
42 9429 2552 1288 8199 3555 4153 4369 2947 8704 1079 
43 153 236 7145 5943 6865 6019 8538 1818 5275 7852 5341 5340 
44 6372 9360 2580 8614 7785 8831 6392 3392 5992 5533 1197 8008 200 
45 8476 7006 9166 2996 354 166 4102 991 9608 9895 6667 9139 1565 4151 2409 8859 
46 8823 8158 6658 9978 6644 7840 4062 7966 6980 4679 
47 6654 8675 6038 3825 2835 6997 7946 5717 8911 7335 7688 1786 3751 
48 9393 3044 6145 4764 3702 2367 6440 6234 3021 5499 9041 2518 6014 1117 
49 4006 7300 7805 5360 6714 5647 1374 6502 47 9997 9707 6467 7997 
50 3934 5491 8590 6209 329 2368 8046 2578 3298 5155 967 5605 5656 399 
51 9858 9686 9027 185 9196 5004 6912 4403 7767 3620 621 5748 
52 2859 4077 9481 3189 333 3621 159 6310 4319 3882 8320 9336 5098 2746 
53 6419 6386 2071 7045 1332 110 1996 3039 4428 4701 2633 4232 1610 8651 135 
54 9529 482 2468 3355 5977 3295 2966 2009 4825 1901 2600 
55 8190 3891 2251 9201 7074 128 2950 6696 2983 3763 1287 
56 7373 1267 7775 9582 245 78 2471 2290 1971 5925 504 3811 794 9001 1223 7874 3376 9990 
57 4644 4218 209 9725 3626 1792 1127 815 660 5156 8994 
58 1854 6541 9547 5408 6553 7890 7837 9045 8032 7786 8345 
59 1636 8665 6162 1828 1208 306 6461 4745 5018 652 2480 
60 1700 751 3467 2852 5818 1617 3180 4454 224 9836 753 
61 982 7838 8052 3849 8552 5597 5919 4832 9188 1498 30 3304 
62 3055 6004 8095 9542 1418 2203 2370 9936 6190 8461 
63 2913 9717 4662 7513 3658 5158 9430 2863 9945 55 2922 8776 2943 
64 1595 5260 32 8540 1363 5036 5058 1147 9964 1935 5679 9275 9010 
65 7723 9851 5100 9841 956 5418 6857 5258 3771 5288 7050 7361 340 8304 5849 267 420 
66 1158 2450 1362 9147 7887 5013 5534 7948 7085 3905 8134 
67 5570 4906 9734 1444 6414 4917 5151 5347 9400 3841 7384 6113 2318 3432 447 
68 873 7218 277 6488 4227 4823 7741 6378 6239 9733 780 4822 4326 
69 5009 3892 1906 9378 3260 6010 348 7829 2626 9518 9979 9219 
70 2469 9102 1519 5926 9897 9392 3746 9915 1606 9461 
71 1483 8274 7424 9389 554 9332 5215 8996 6750 9560 8580 9834 
72 5110 9532 9100 2093 995 7711 8603 3328 9304 5752 
73 6328 948 693 5256 8347 3484 1041 2640 6185 2679 2114 
74 2483 7684 9066 5516 7808 9254 3834 7473 126 4543 6734 1551 569 
75 2566 6577 273 4287 9781 6443 5060 8092 8999 2839 1348 
76 9333 7734 4207 6794 6963 6694 7421 9516 1124 4277 5097 4020 
77 1388 3419 7345 6085 5062 6139 414 2895 3224 2001 9757 2569 3792 
78 26 1697 3776 8562 284 5312 3759 1533 6574 9881 1003 889 
79 7558 797 5365 2382 9503 1642 1359 4538 2452 8336 2906 7173 2617 7049 
80 6371 2120 7556 7945 3110 6675 7865 9664 6686 5615 731 3308 2346 1299 1984 476 2414 7732 7736 5507 
81 6418 8530 2597 2575 8921 4899 6427 1417 241 1184 2668 3936 
82 2048 4233 1435 8555 8519 4623 532 3084 1402 232 1611 4974 
83 6560 2723 3349 830 3150 2623 5410 9371 7381 4264 4345 
84 8850 8708 6619 7236 9017 2130 262 6083 2377 1598 4639 610 7200 
85 4228 1017 9773 5804 8870 9861 6232 6000 1704 2654 2877 6071 
86 9484 579 3832 1161 8446 6563 2824 6710 5088 8794 
87 8169 98 3974 6860 1941 7716 9121 9339 8235 2153 5143 8033 1534 9270 1238 7133 1979 
88 524 8353 4505 1683 428 5556 4959 7087 8021 4846 8714 3506 2486 5441 5862 412 5412 
89 3881 645 9209 5712 171 3469 8781 6389 5163 3158 1383 
90 9447 6284 508 8385 1969 1587 7448 3563 1212 3782 5719 8880 8858 6196 6447 6778 
91 793 3876 4025 4854 5218 986 7408 186 2669 9690 8713 7733 
92 2111 381 8877 8787 5844 7891 4000 1077 5227 367 5043 951 2422 
93 7614 9383 5851 1480 2636 9917 3042 7177 9072 2160 8340 6949 
94 3035 8384 2233 2182 4381 2967 9128 9344 924 4178 3054 7883 5458 1110 9545 2128 4855 
95 7274 3660 8045 1398 9432 4291 2299 7811 3530 7541 6153 925 5775 
96 7861 3797 4960 8649 4731 9122 726 3593 5420 2379 3605 4838 9425 3877 
97 9756 5940 9096 7739 3838 5770 6126 9236 9375 6178 2553 1491 3249 511 
98 2262 5102 6033 1592 6698 9803 8316 6588 681 7973 8814 9931 7001 
99 4333 9823 3287 5693 1159 4848 5363 7604 4981 3238 2458 5467 7101 3023 
100 5135 1937 6169 3201 6375 240 8962 2729 8127 7395 1956 
101 1887 6441 3595 364 248 9125 2718 9808 8930 
102 738 9855 9716 5096 8784 1104 2252 501 9490 6164 23 385 4636 937 
103 7488 5586 2616 4112 5922 3949 2802 7774 812 5212 5801 5652 5359 
104 3421 5792 9081 1178 328 2248 3601 5637 8744 1852 
105 4181 6493 4023 1069 9142 2984 8881 6616 7210 971 1752 
106 2210 1543 4238 7567 7528 3092 8178 5842 4098 1550 7165 2538 5248 
107 7214 1349 7182 5650 6191 6204 2632 7205 8707 1173 7206 
108 6438 9056 4394 772 371 1296 1917 2703 926 7151 1278 
109 8643 4419 3226 2144 2242 703 1553 5477 7342 3017 9130 8090 3509 5446 1134 
110 7804 4481 9203 7447 3120 8824 6851 5726 7470 9062 6777 3174 6040 2407 
111 4608 7722 1614 2026 2360 6282 5998 3793 2831 586 8210 
112 5527 25 8813 506 5489 2145 3145 2163 6636 3292 1833 6608 7296 4985 2340 2929 46 
113 3288 2864 6334 1448 3799 603 5403 3082 5915 9108 8896 
114 9370 8669 5023 9474 853 9791 8026 1421 9327 8263 261 5366 8512 2121 
115 4014 4320 3843 6106 8835 9775 8629 4617 5501 7034 3204 1607 4311 
116 5864 773 3769 6981 8463 3929 1566 5661 1594 654 2624 
117 613 6872 5689 3108 5539 8398 3622 2678 7650 225 1401 
118 4772 9909 6240 3845 9208 5432 3953 6421 4641 8367 9874 1175 2057 6424 6029 4457 2735 
119 8567 7129 409 3132 7611 7978 4549 9113 2590 7634 2630 8209 6967 
120 1214 5047 1709 9807 6259 9901 1599 6072 9039 8121 9533 
121 0 5375 8044 4256 6639 3957 9277 9783 4666 3033 3578 1571 
122 5180 2222 5147 4360 8517 1213 5905 8988 2756 5509 8183 7290 
123 3206 8805 2047 4110 9524 4859 2129 3893 8376 6023 9947 
124 5245 6693 5522 266 2785 1053 4545 5680 5029 3162 6311 6621 2875 
125 1280 8244 2629 8393 1895 909 7302 6721 3236 2413 
126 764 3558 3587 8873 5265 2314 7321 6733 174 2171 1216 
127 2448 2716 9575 8715 6303 3259 9135 1440 6650 2885 6214 1605 4060 3435 5397 
128 7979 9456 9592 941 1949 7912 1489 2602 7172 4155 5269 7480 3285 
129 2672 4195 7705 2226 2821 6242 4738 7323 3229 9014 
130 2284 8817 3333 8287 5125 9577 5040 491 2782 2910 776 
131 7402 9126 6664 2952 3338 6883 3866 2266 7823 4486 3172 
132 83 2359 203 2418 4713 2689 3908 3898 883 
133 7847 3455 6339 357 2757 2833 720 5345 7988 5247 8856 1934 
134 3485 5470 3915 9312 1994 8390 9200 1650 3190 6856 5935 8722 
135 9015 9587 4379 3788 4421 6916 7937 6319 6026 9330 7698 
136 5221 1001 2022 8493 9279 4086 446 9583 387 7117 6564 4361 3871 6889 
137 7870 7559 8807 4739 8213 7816 7196 663 4938 919 8462 1248 8293 6613 
138 5380 1862 7735 3112 4578 8093 5224 2936 9677 
139 7492 2506 4185 9928 9159 6345 2108 8889 6627 6842 
140 15 4709 9322 469 1680 1024 5655 9162 9307 72 3028 6225 7546 6296 
141 7114 4480 1181 9702 8379 3233 3740 9172 5928 2776 8839 9721 3102 
142 8174 1633 1770 5595 2786 2301 9837 977 7130 1924 5993 8389 4344 34 5788 5386 7 
143 515 6143 9034 8739 3840 7768 3847 6025 5105 3098 1963 1822 4824 
144 5737 632 6745 1099 1235 1842 1682 1403 9898 4108 
145 9585 833 2742 7818 608 2172 499 7743 2264 7806 
146 4860 6884 947 6787 8963 4797 8862 6551 4292 5588 6046 7939 4626 1774 
147 5853 9612 936 1585 3996 7505 6231 4586 8905 4009 8081 7314 102 2475 
148 9828 4632 4441 6812 2112 3574 964 132 2087 1063 6160 5 872 5797 
149 1802 3805 2049 6703 7975 4396 4179 4161 9424 1145 3602 
150 7764 1361 4188 6985 3149 6151 4937 6975 3327 2025 1767 1040 272 6161 9013 2439 
151 191 6863 4347 6699 8077 1893 4559 9719 7136 2077 3038 4193 3312 997 551 7396 9004 6454 
152 6612 422 1569 8866 2398 890 747 3270 5886 6102 3232 6547 9075 
153 4761 9272 7753 7860 2268 7843 6885 1693 5547 4517 1289 148 6534 
154 5701 5487 1032 9722 3239 7523 3452 7530 8309 9198 3964 
155 8331 3416 4386 6299 5929 3096 7027 8598 1148 7875 9105 6387 
156 485 3651 4781 8572 7014 3549 2714 8250 5909 7522 1011 4354 8212 
157 1814 1703 6193 8634 7163 4152 5465 1035 5211 5621 9468 806 3704 2321 6785 2304 
158 1312 134 6394 6867 5371 370 5160 1029 2937 8644 321 
159 1010 1146 7044 8247 2771 9521 5560 7682 4384 3138 1604 4289 3827 
160 3600 1863 567 5049 9830 6068 1324 7884 8809 5630 6537 5917 
161 9103 4500 7419 3380 4313 3464 9667 5362 801 6495 2447 664 8423 8062 7699 2986 
162 6183 5811 8025 6823 2211 140 9489 2134 5619 3806 5654 1657 
163 3618 9617 4488 6429 1182 9622 514 8288 4802 1504 3111 
164 5246 2834 3319 1007 8071 5843 7232 5861 819 2170 7693 4923 
165 5584 2527 750 4566 8007 1689 999 3916 1203 6609 6487 
166 8039 6991 5294 7311 6249 2510 7952 7235 5937 691 9465 
167 9634 2547 8024 6341 961 6760 669 7428 
168 2436 4503 3711 2570 1708 2664 9652 3927 133 5946 9991 
169 6633 2236 4337 692 7156 8521 7022 8541 7380 1242 829 3468 2175 4527 
170 6337 1720 8112 5795 6130 5830 9065 8120 3476 426 2736 2147 2707 9138 
171 9651 175 5266 7279 2719 402 3749 702 2326 7048 3377 979 
172 9176 1271 1196 1367 2649 1967 8031 6662 5148 7931 1817 6855 8812 9374 
173 3676 1005 5649 8328 3828 8770 4502 6474 3970 7061 9806 
174 3390 6506 4395 5261 7107 7362 8215 3814 5175 
175 2280 4590 8395 8241 4779 5986 1743 7607 5466 1577 3784 3379 
176 9885 9643 4524 5166 6848 2536 7935 2701 8166 6952 6141 2209 9842 3885 
177 6599 208 8407 3721 3320 5230 6216 6607 7023 9118 417 8608 9705 3543 7517 
178 8110 8436 5891 6120 3778 9894 5635 6002 
179 2158 8757 5702 9638 932 5682 2572 2019 2650 5997 5131 798 9358 2666 639 5278 5232 6986 8053 5715 
180 8318 4896 9609 6118 6767 7702 434 1612 7254 1641 2953 2731 625 
181 2848 1526 3448 5683 2137 3060 5793 593 607 875 6528 
182 5048 3556 4073 314 4167 7417 7128 8569 7178 
183 8801 242 2981 6065 6918 9623 1269 9923 4506 6747 
184 2549 8766 6134 5779 5176 3540 4805 2425 2437 3385 7754 9303 4567 3169 8939 3894 4314 1668 
185 8264 8434 93 9748 5611 1511 3995 1807 4624 
186 3182 2609 3301 7583 3796 5450 1061 9177 7950 5645 7791 
187 4876 9682 3548 2726 1046 7797 7264 1243 4967 427 
188 2440 1907 818 9683 1538 6892 6833 5898 2279 9601 7849 9606 6677 2474 4526 
189 1584 2380 4556 6864 4459 2568 353 2076 3615 7606 9659 
190 2138 4892 7440 3824 5404 3430 8497 5875 7110 7243 6067 1784 
191 1152 9653 4456 1983 6841 4722 5092 4514 670 4306 4367 
192 3267 6875 2186 2085 9186 8310 3774 8820 2772 1794 5126 7507 9124 4647 7193 5307 
193 1514 2151 9698 1880 2195 8624 3878 2738 3794 8822 
194 9626 5600 848 1179 4869 600 3525 6719 6343 2704 3240 9607 6170 6486 
195 8633 4773 1815 2167 2780 5530 5039 3408 4612 8069 84 
196 6724 2041 6939 5709 7526 9785 2942 3775 7209 226 7478 9965 
197 9038 7576 5208 6177 4070 2113 6363 4791 8927 4900 33 5988 9645 7790 
198 4592 4315 4751 4196 7563 5521 7220 7613 1305 650 
199 1629 1603 349 7593 3647 3129 6039 8000 9743 4294 3842 
200 7562 7740 9308 1427 7544 9070 975 4621 6543 7856 2100 7652 
201 1759 1170 4841 2548 7506 7695 4171 1518 6869 8419 9933 6101 
202 2606 3289 6887 7017 5172 3772 4248 4507 4702 3410 
203 1062 8256 1738 201 3353 3858 5481 2362 6878 6124 5734 6028 
204 3566 233 5330 4550 8677 2119 9811 2389 9679 9338 7985 949 4728 
205 4268 8652 8654 4705 5695 3100 5103 2133 8638 5011 2522 6550 6982 7845 
206 423 6940 4810 3441 3547 2505 5703 2356 7065 6188 6683 5815 4359 6899 
207 337 5089 358 3357 9376 2189 3109 7383 1384 5301 9019 8531 9451 8618 5880 7153 3012 
208 8796 5766 8421 8683 5845 9153 5692 4759 7370 4491 
209 8625 4674 180 2064 9857 6276 9886 1416 5406 7769 3706 4948 8609 5445 450 
210 1602 9 9300 137 7030 9825 4615 8342 3636 6410 943 9433 2595 3089 
211 3242 8501 8378 3255 3281 5575 2010 546 4387 3352 5722 3700 
212 3067 9184 7096 9618 7798 2530 3313 2432 4304 7291 3072 4786 
213 2564 8451 6289 4478 8370 9671 7934 1918 2477 3652 6450 9873 3051 8528 
214 5646 5197 2712 7186 8243 1475 4594 6821 3537 3703 6428 
215 6364 2799 5453 6312 3168 460 1337 8819 2591 4129 
216 7627 3833 5328 2403 1038 270 3161 5281 6615 9388 3077 4901 
217 8001 2911 9399 7309 8753 5070 1841 5315 2841 4100 6236 1429 7759 
218 2501 6799 678 636 154 6898 5518 2122 8072 
219 7551 996 8286 2607 5308 436 2404 3022 740 1846 4563 4166 6369 4176 
220 897 8165 9217 6763 4262 6594 9833 4075 2923 5762 105 
221 2254 715 8051 4804 416 1428 4683 5381 60 8362 2964 575 
222 9760 576 6293 6888 9969 4273 6852 3899 6263 1293 8043 6049 
223 2813 5952 8879 8923 1165 3969 6536 7089 1464 2898 2139 
224 4915 4040 8657 8637 680 1579 8717 70 7386 9048 3195 7569 
225 8322 8011 8537 4415 8793 6155 3665 117 1266 8906 8220 
226 3976 2999 6377 2641 5723 50 7041 5191 7653 8885 529 1043 
227 1479 6631 4913 8123 4036 3535 2968 3684 4793 19 6723 3309 112 3117 5128 6961 4541 2260 
228 9137 8108 3860 4568 6314 1459 7879 5123 6853 
229 4169 6483 8895 6451 6655 231 1532 1581 4629 5052 9197 108 6458 
230 7529 5287 1014 1942 8240 7644 4044 2775 7086 7289 199 
231 788 653 9278 6316 6674 6735 2504 1778 7956 9478 
232 7292 40 2080 368 3175 5912 2734 6318 6948 8973 3504 1246 
233 9018 1837 5311 6265 5970 6751 2994 2451 1562 
234 5573 7211 9149 7003 7368 4735 646 2027 6176 7888 6074 1025 
235 5667 8587 4708 7903 807 9845 7520 1644 704 866 8487 6827 
236 7760 5671 3670 3477 8626 4880 4404 7042 7024 8404 4944 2345 
237 7683 5282 4257 6006 1563 2798 3099 5808 9884 8064 3699 7889 5895 
238 289 3449 5456 9076 8202 4922 4064 1492 8227 
239 9020 4136 1507 5460 2285 7339 4309 8138 1524 7751 
240 187 5920 1092 2135 4127 3631 7863 6849 6329 7204 408 4234 9043 5899 4957 5014 
241 5728 4249 6330 6931 9379 473 9593 9271 2971 7287 6459 694 1721 5095 
242 6430 4410 1760 3011 1292 6373 8203 582 2856 5041 3944 5821 
243 8499 4184 5274 5764 8249 1502 1627 8443 5027 6768 1631 9688 
244 3264 8311 1988 449 7465 2337 3579 7418 8133 8364 8176 1981 
245 8808 6509 7516 3450 282 6825 7078 8682 2415 1980 1855 1273 2818 7055 5869 
246 9620 4999 9439 565 1943 4453 4895 577 4392 9091 6321 
247 8721 683 9397 1481 3943 5894 2869 913 9385 4789 6215 1149 8313 9464 9615 
248 6530 3850 4585 879 3407 2287 1390 4082 1277 4580 5604 5677 
249 1805 59 3780 1385 4372 3311 8872 481 2890 5531 9347 
250 536 1230 3429 1338 1467 7727 1106 6501 8405 8308 857 9467 8848 3513 
251 1643 3378 7597 3388 9543 1162 6601 2715 7009 8686 1343 
252 4059 2912 4133 7868 7586 4717 2150 8372 2690 2551 3925 7175 9621 850 5848 
253 1957 630 2783 4159 4299 1929 9768 3075 5540 8486 4813 8200 2499 6525 5494 221 
254 2759 8298 2400 8836 6977 4172 3343 6754 2199 4808 4687 7752 7183 1868 
255 3729 3552 7258 6932 3971 6201 5237 3919 3250 3277 756 1879 7029 1375 
256 3274 9223 9492 3529 7375 7449 3598 8548 4123 8539 7929 
257 8490 7364 8604 3373 8141 6413 7371 5234 710 6711 3679 8990 3024 3837 
258 769 158 990 8020 4992 4837 1455 2525 6264 9040 
259 3501 5706 1313 968 3559 3975 8242 8465 1019 9241 7628 
260 4551 9847 1788 2332 7430 1189 9470 100 3646 2900 
261 3608 2399 3107 9477 8926 8507 8129 9069 4465 4574 4619 1710 
262 5753 8192 9291 9691 7273 2587 4342 5827 2792 
263 2461 765 9636 8914 5309 9787 4284 4863 4712 8619 4898 3203 4989 
264 6453 7839 1659 4032 2851 791 9011 5892 8841 3061 
265 6500 8854 448 8724 2998 588 8791 8253 4640 7780 638 
266 5173 5217 7118 2161 462 5402 7353 5608 2997 6755 7598 8491 
267 7540 9459 6881 268 8057 9526 1531 5022 2969 6913 2240 
268 6697 4689 9401 1335 1137 3809 7930 6401 6718 2921 3244 7445 5254 7669 
269 492 6114 4864 1453 4066 1952 7092 7615 5164 1009 1166 8815 4755 8205 1772 
270 3986 1964 3151 4828 5067 2388 2803 9571 6819 1461 6351 1869 8181 8904 7504 7708 5277 2052 
271 3951 2665 7076 5969 4753 1431 3583 7217 6274 5111 
272 1891 106 1561 1923 9132 3291 3315 9127 6091 178 6503 3545 3586 
273 4374 5244 7385 5934 1022 1249 6803 3966 8346 1858 4317 
274 8760 817 2124 8402 8083 4857 7881 1468 3482 9319 732 
275 671 7157 2889 359 8551 5086 7276 6934 1870 2516 7548 1414 395 
276 1897 2642 662 1998 2574 846 4470 4569 5006 1294 4965 2349 
277 7712 165 6556 7484 4954 5373 6793 4964 2675 4934 
278 6805 5303 6007 7489 739 6668 3451 6826 9566 3823 921 7026 9348 1546 139 3982 
279 8681 4444 3268 3365 5561 2539 9656 9006 4657 7581 8016 9735 1750 
280 805 6873 2658 1520 8969 7609 6789 2687 3904 2674 5884 8832 
281 6180 5431 2473 6902 8114 5564 5617 5893 2814 1741 310 6391 8248 
282 3459 9394 4512 3214 4322 1920 785 3139 1809 5784 
283 9078 8899 3911 7577 390 318 3231 2888 4725 2328 
284 5665 9030 4889 4150 8736 9119 5590 4364 2957 5666 8145 2760 
285 8437 4700 3614 2063 8177 7137 6255 5343 6356 9120 6021 
286 3000 7962 1857 2828 6659 303 3329 2939 2479 6112 1204 
287 3922 5601 7281 2429 8067 5367 1806 4205 7980 6859 5454 5054 8797 
288 6987 7876 5694 4144 274 8150 7703 4850 3789 467 8532 
289 9063 3031 5839 5529 6555 8944 7537 6271 3197 3177 8564 3853 369 
290 5911 534 7394 9871 9970 1494 8516 7789 9554 7832 9959 5780 
291 9099 6172 1224 1076 6580 2142 8953 4634 4752 
292 6105 9263 7781 7344 9650 7297 1360 9576 9710 6212 8058 9141 521 1140 
293 2815 8279 6349 5781 5276 5134 5948 2822 2173 9462 6260 2229 
294 1789 4554 6508 4008 2584 8254 1564 868 4126 2961 8920 
295 3243 4887 3351 5829 5169 3998 9985 8380 6017 6324 3146 1256 
296 9204 2225 2365 4769 9960 6456 1180 7672 7141 8130 9940 1731 4199 9453 
297 7959 7726 4046 3221 2428 2795 963 8706 8314 
298 3628 5310 590 9229 5336 633 6624 8469 4945 2288 
299 1340 5819 3137 9859 4953 911 253 7796 5351 2933 4719 
300 5644 4131 3165 535 2930 6604 8853 555 9175 7461 2541 9602 4494 4341 
301 8222 7824 2442 2882 4990 1350 7469 4691 4334 465 
302 3209 597 5241 255 3948 7124 8935 218 2796 1376 7475 5907 3533 8428 745 
303 9391 2836 9552 595 7195 3130 2103 3157 5918 3254 9260 7413 
304 5520 9211 1762 5769 3661 8510 5877 5384 3494 151 3856 3302 7549 2109 
305 3153 2068 4224 3673 1295 92 4573 1831 4210 7897 7174 2278 2485 9777 4606 
306 1283 4742 6013 393 1797 2329 43 6861 1793 1527 6205 7834 8055 
307 5091 3228 6383 5084 2645 5785 7035 5750 5824 
308 6868 4373 1878 1315 9704 2490 5199 4730 2154 592 9441 13 9795 3869 8387 
309 1143 6936 53 2333 2402 6749 4484 4788 7199 1672 6388 7902 
310 8066 8821 6979 5364 4318 8236 6104 6966 7008 5704 1623 9689 1252 8406 
311 38 2515 2500 1233 4143 6455 1733 184 2806 3726 3104 1763 
312 474 9000 8772 1677 2916 3483 343 5724 4740 5271 2095 6611 
313 5133 4258 7547 4266 3394 4244 6273 5284 1067 1905 2030 8167 9903 6538 
314 5045 6437 5094 3009 7477 3322 8403 9460 1306 5535 3526 5578 246 5072 3395 4760 
315 1 2246 2021 7844 5550 3550 626 2940 2659 1653 6669 6786 
316 4910 8003 570 1186 655 3616 9206 4028 6452 3101 1638 7659 8887 1799 4531 9224 
317 77 9827 5546 4785 7631 2234 502 2353 4348 8687 6901 7793 7142 9891 2773 477 
318 8440 9002 4497 4052 4504 5613 3610 193 4157 4544 6250 3227 
319 9899 8648 1423 8089 2208 162 8783 18 6818 3708 2190 188 
320 4200 3767 9853 4053 3960 9173 8828 8775 4668 5594 404 4921 7820 5064 1125 
321 3257 5414 696 2918 495 6951 6213 790 413 311 
322 5297 1796 929 3990 4192 8271 2755 5314 9530 802 3427 
323 1861 3719 6529 2378 5685 6202 6858 3405 8014 847 
324 8968 2784 5995 5192 7921 3399 229 7223 6301 455 6904 4175 7068 2618 3575 5112 
325 4754 5626 9234 5220 5699 9012 8091 7415 3839 9555 8726 7795 1121 3316 
326 7011 1135 9681 6647 8525 1484 1751 7938 8374 3307 6060 2892 
327 9402 1669 9520 1400 1608 5085 4216 4111 2354 4203 2431 
328 763 8382 4853 265 392 4430 6090 8605 7622 6030 
329 5251 7853 5810 2837 969 6824 304 9454 86 8833 3880 8414 6470 5966 
330 844 1244 8732 3200 8416 4955 9536 1940 7167 7379 
331 6079 2845 3058 9116 827 6121 8565 5933 2846 425 2005 
332 2694 3640 2294 1333 5202 6941 4733 4160 9457 8325 2185 1391 238 
333 5319 5263 4338 2849 7013 2990 2513 9405 8315 7802 2749 585 3087 5543 
334 4466 7616 758 1086 1769 4074 4278 813 7694 8941 1651 2752 1745 5681 2662 
335 251 36 3019 2713 7004 7696 7989 980 2369 5323 3596 5257 
336 2435 3014 5568 5395 9732 899 6099 4380 3383 6671 
337 7850 8752 8270 7071 4807 1118 4866 2899 8502 1813 5947 3717 5802 8867 9703 1058 
338 1838 4518 4982 1128 6052 5510 2235 5190 8702 4622 5962 6635 
339 8371 278 2035 9049 2550 1944 6512 6518 81 8323 6175 2794 2032 2972 6044 
340 3143 3993 1972 5972 3564 2697 2060 4388 5032 7426 2670 7105 
341 1556 1541 5927 7873 6256 2934 2143 7841 7770 8245 1142 9023 
342 615 1027 3862 8576 6648 6540 5816 69 9745 4571 4106 4616 
343 2801 2926 611 9009 699 4537 7906 2045 6050 718 1307 276 707 
344 3154 2191 7161 6034 2886 754 3766 2348 9932 1471 3497 8894 7213 3052 
345 8079 5747 8520 7360 5524 3466 9586 7227 1930 7324 3350 5923 9248 9731 
346 2949 9267 1830 7836 4197 4058 2420 9511 6643 3937 
347 3901 4671 8518 4818 8467 9854 2638 6136 9500 9351 9517 234 7088 
348 3248 5355 779 7493 6544 4356 598 6505 8162 3687 6320 2176 
349 2385 4686 6168 4650 9258 2608 1795 2741 5337 5796 6144 3290 1454 
350 7131 4800 723 5999 1773 2764 4270 9939 1466 4873 6523 
351 6571 312 4570 9245 7346 2455 1382 1848 7788 
352 3980 1960 8641 2401 5324 5763 2647 5641 2331 4079 8907 
353 4812 7444 2253 623 4998 3875 896 89 8768 729 7550 5383 
354 4015 6937 1727 9084 1781 7261 1803 1169 3306 6224 4308 8470 
355 5121 4219 9784 111 6988 2787 9557 2334 8903 6903 
356 4521 9067 4363 8667 5881 668 2509 8459 917 1465 1496 5326 
357 3592 350 1298 1439 9218 4434 906 9919 8620 5177 
358 5528 2039 561 7387 7459 3025 4019 7067 2029 2164 7776 1050 2732 
359 8035 2363 4555 1322 4736 4030 6446 9551 6712 1560 
360 9318 8289 6005 1231 8623 907 8636 6996 7352 6416 5623 7333 2533 
361 8908 9059 5318 6782 3252 8863 1185 7431 9527 6990 61 257 6338 5618 6465 
362 4983 2557 5398 547 2528 4583 73 2586 9247 2107 6652 9848 
363 4473 993 7656 6542 3897 7673 8251 6229 2156 7819 1236 3211 1241 4710 8591 
364 9797 5794 9815 2884 1075 3955 4474 1888 8136 4065 6086 4295 5856 6464 1665 
365 3411 127 5897 6685 9835 7568 9508 2364 8621 3276 3977 2002 8054 5887 
366 9766 8056 2854 4226 8415 1239 8358 9442 3198 7964 1512 
367 722 2661 6709 6736 1691 4206 2470 1102 4976 5433 1955 6053 7240 
368 3369 3611 7305 3265 4499 7226 8369 2375 8439 
369 4656 7685 8952 2040 8012 1590 5865 4799 2335 4842 
370 9471 1640 5731 107 9435 945 7677 3531 8275 7038 6962 8696 
371 5782 4351 2763 1013 2871 768 5841 1823 1258 5053 
372 3262 1048 146 2695 2696 2769 3356 3962 2336 5901 6197 75 5003 
373 5916 915 7075 7388 3314 5729 9328 8198 7572 8577 6808 541 
374 7277 882 4039 4413 4158 8191 4872 9642 271 8193 
375 4017 8646 6992 461 8596 5579 9264 1096 9216 8495 
376 1754 796 7265 5382 4189 2788 1470 8409 6247 3588 804 5902 5643 
377 4675 972 5000 8874 860 2657 2062 2381 9802 795 8684 881 9404 
378 8691 6568 52 3730 4767 5391 3361 438 9556 4170 
379 8420 6171 4511 3480 2465 6326 6798 9364 1251 684 5399 4643 5295 9086 
380 1407 5874 1433 8699 8869 6660 3266 4452 3950 2615 
381 227 4382 741 852 9487 5639 761 7742 7827 8892 3668 4411 4078 7575 
382 6018 4436 8767 7058 7554 5124 334 4001 5209 9395 8453 4893 5437 
383 8004 5787 3709 4688 493 888 8188 1396 1132 7070 1583 708 8987 9160 9265 3783 5219 
384 1172 4750 21 3930 5672 5878 8818 6578 1871 935 
385 7676 9941 3747 463 9074 8085 5008 7306 5513 6262 177 2790 2155 
386 7275 9022 2178 736 7633 1279 2843 216 8566 3753 
387 1336 9298 1395 9507 8285 9639 6974 3669 676 7974 85 7899 4539 2058 7429 
388 3580 3779 1386 1044 4747 7354 5455 918 3178 9381 1272 6115 2651 
389 5010 1021 9804 3857 4727 9599 9256 677 9660 3446 876 
390 3512 1342 7119 5480 1111 7826 1890 9648 3186 9701 
391 9663 2497 383 6246 4966 6681 54 5825 5791 1446 9654 9007 7219 
392 9788 6425 3682 965 400 5068 2706 2397 433 4515 4501 
393 5994 1756 1016 3777 2951 1787 2747 5222 6433 7579 7127 7252 1987 
394 4451 6016 2309 4247 1744 5850 7582 8137 250 
395 4801 5400 8743 5189 4135 8447 1372 5622 4281 5393 1882 3188 7188 8450 1790 3006 6054 2555 352 9178 
396 573 6626 5396 6666 9793 1434 1397 7605 8876 373 1438 3697 3103 
397 5290 7046 1302 9569 9028 5754 6192 9097 6058 2244 5826 
398 7122 1200 1549 142 7149 5390 4525 1139 2991 6261 8932 583 
399 5696 7270 4631 4026 4695 8951 5024 8088 8602 3932 9619 183 3728 
400 2457 7192 3872 1836 7080 8535 3713 4693 5698 3409 1112 7126 4400 
401 9962 6720 6431 6163 8128 5968 4703 4164 2194 2817 8284 
402 6930 3069 9752 4 7083 7112 9925 581 6137 
403 2212 1353 8924 8585 2343 4856 8028 5352 8238 1091 7778 3624 4508 219 2904 4385 
404 841 4041 916 1490 4448 8632 3999 7624 7343 4007 
405 6515 725 6634 2196 6103 2295 2014 2691 7591 5746 4628 1875 6360 
406 9902 2804 6695 2677 8273 4865 1914 5044 7216 6382 8350 4180 
407 2443 9949 3650 6954 4321 1268 1829 8282 836 4672 6978 952 
408 8078 9647 8762 7351 8267 101 1853 4941 1157 8672 7406 376 1986 4766 5631 8455 4431 1260 6482 3163 
409 7512 5144 430 2446 6252 9994 9071 4530 2583 5674 6445 7842 5939 1141 8484 
410 599 9145 3318 6581 3664 8731 3465 562 864 6081 4068 
411 3437 3422 902 9816 5799 1635 6254 9398 9564 8834 5017 7040 6336 912 7949 
412 5591 9860 1544 4003 4536 7144 3573 1666 4168 1476 
413 8082 7571 8291 8006 4138 8481 7724 9491 7481 
414 9161 7132 3492 9632 3271 6110 3956 7391 1474 9692 6226 7410 
415 4980 5495 5990 1622 7958 8317 5485 9887 
416 7745 4293 1637 9674 7164 5389 8265 4879 207 3070 3696 1351 6610 5859 5099 
417 8194 2881 2604 2230 68 7509 6179 542 4013 6123 4463 
418 4162 4214 9852 6417 3742 700 7720 7680 2466 4365 9475 3088 1088 5149 6285 4080 2891 3836 6281 9720 
419 7427 5713 7619 7757 8816 1163 3688 8523 2811 3539 3900 7162 
420 3296 5686 9765 63 9635 3147 5562 4114 8224 1126 2652 4156 
421 7990 8207 3519 6795 5200 5634 5961 6531 631 7455 4884 2685 
422 9341 7327 1574 3681 4618 7701 3967 2605 9646 3456 4090 5113 8756 1904 
423 3283 2862 9313 983 4368 5716 884 3804 2970 7483 7378 3173 1780 3303 2426 
424 1600 7215 7121 6557 4429 3965 1310 6539 5628 157 8780 7534 3820 1430 5662 259 9129 
425 8334 7679 401 3959 1319 2722 8882 7620 8119 4926 647 
426 144 6402 1713 701 386 620 8329 6490 9420 5442 5339 
427 6036 5059 6583 7647 7031 2204 3181 587 8680 6187 
428 781 7928 3698 9665 6874 4997 4576 9958 2546 1164 8257 
429 6597 1379 1232 3341 8868 3436 8647 10 3364 8656 6920 3758 8116 7992 
430 7169 8697 5338 2582 5101 7578 7460 6150 8179 9598 1932 6964 4401 
431 7866 5132 1211 7862 8754 1399 3443 661 3846 4565 4661 8049 
432 6510 7608 2753 2097 6807 7977 4803 3562 5854 2066 1639 6348 1728 9444 
433 6048 3785 689 9156 472 8413 4908 2351 7399 3047 8386 1042 
434 9763 8170 406 1548 372 7700 8483 7454 2118 580 5262 254 9089 
435 6206 4005 5051 8660 9762 1409 3406 6893 8217 9637 4071 
436 5116 380 3489 2896 987 7719 8966 80 1962 3346 3817 1705 2660 
437 7803 743 6426 516 5109 1377 9362 5226 125 6521 4260 
438 2511 8294 6909 67 8804 8448 3076 4697 5964 9729 9911 8568 5080 3073 
439 9283 3635 6752 9031 5624 1626 281 9497 5035 7062 4724 1948 300 7438 
440 3994 7495 3375 8931 29 5565 2247 8492 3280 9736 1314 2383 6043 5866 205 
441 7238 7510 8424 1884 3931 7446 4130 3691 7486 6687 
442 263 9718 8228 7233 9595 558 7382 57 8496 2223 
443 4092 4139 6042 9900 8444 9685 9473 2559 6791 8922 557 
444 490 1344 7471 5354 2104 3372 1270 4844 2698 4814 4882 8375 9573 4664 
445 4119 1678 629 3528 8742 4339 7059 6602 6062 835 3683 2737 4780 9669 4352 
446 1673 9673 5130 657 7882 7718 4968 249 3675 
447 5379 9961 4140 8610 3517 3167 9324 4427 308 8845 451 4027 
448 2434 8613 2599 5798 4088 8276 8959 4552 6078 1536 552 
449 4827 5168 989 3752 7670 8522 9624 602 7961 4412 9914 3508 468 6298 8891 7266 
450 2754 7094 6741 9250 1347 2838 8019 5739 6469 264 6251 7545 
451 2126 4472 5139 938 2810 8843 1758 6832 1227 6323 6095 6584 
452 9877 6820 5377 7403 6346 2441 302 8861 5300 3961 
453 5941 1798 3048 5774 9826 1735 3941 8355 8479 2123 120 674 5996 9299 
454 4609 533 6248 4534 9581 9231 3988 6700 1753 9182 1425 4377 3607 3004 
455 3671 168 1482 3282 8844 7357 5228 4920 6358 656 1919 5758 1859 4783 8105 
456 5636 7691 1330 2492 3895 6457 6332 4417 8272 1084 1877 1515 3199 6672 7919 
457 2941 320 6870 5960 8488 3423 4099 4240 8928 2925 6327 
458 3362 4696 4677 9926 222 6498 2258 4963 5950 5955 5322 
459 3985 8473 8738 3414 787 7920 920 7981 6704 3715 6462 3745 
460 5206 9840 8086 1381 7286 3219 9929 5026 6253 8554 8829 5443 1876 7474 
461 4103 377 1690 2307 5664 6489 161 5361 2534 8573 9723 7185 7179 
462 5497 2779 563 766 1567 6566 6708 5670 7626 8789 1122 9684 1625 4340 
463 91 8785 1558 1572 6379 735 2213 1202 2565 
464 4475 7794 762 9325 2977 7316 9262 4370 2619 1501 1686 3119 
465 9033 7466 6586 6971 1366 9951 7347 3278 3136 9755 3507 3914 
466 7237 5114 4049 7108 8180 7721 775 9047 7501 7574 3612 2699 
467 1389 7967 2459 1671 3439 3800 7063 5751 6516 3148 8015 523 
468 6237 507 8655 3115 8432 7503 1825 2423 5684 6479 8855 7782 3830 4035 
469 5837 9242 2872 9194 9222 497 960 1698 2502 4774 9191 
470 313 3462 6814 3499 4888 5727 2372 6476 5755 1747 9115 
471 2419 5514 6063 2770 176 5449 2820 2315 3275 5321 634 9974 5668 3981 
472 6780 4124 2206 1946 4383 7497 3474 7600 7334 1174 8671 6082 2643 9107 
473 9988 9423 4391 1820 7325 3256 7779 6313 2482 9999 4610 6218 538 6404 
474 8010 7490 8888 1521 5348 9349 4714 7896 5183 5159 3235 365 8674 
475 4932 4877 7872 1591 9005 3917 6411 4707 7714 2537 
476 5640 5803 4604 2410 1237 9220 5415 892 6353 5448 
477 9110 6352 1588 9792 5582 7457 7437 9280 1696 2855 8097 9982 7280 
478 1926 7139 6756 7801 6911 3659 1100 6513 5555 6100 2327 
479 4513 1525 1261 2243 5020 2581 6656 2157 3639 7012 
480 7963 2317 22 821 8042 3920 2860 3251 1373 6596 5871 
481 4122 7638 9123 494 895 8774 9708 3637 8734 2463 7968 
482 2215 4646 9675 6309 6491 8430 3968 5563 8005 5185 8729 2183 
483 1154 4663 6728 601 8527 7020 237 1973 6397 4084 7056 5005 2847 3043 843 
484 3216 8155 1018 1609 6432 4336 517 4509 1718 9416 3835 
485 7073 9452 8458 4523 7208 3418 8635 6116 9106 7234 3113 8830 
486 3867 5195 4487 7197 1445 4792 5508 8159 4094 4010 
487 3667 958 7262 5896 1323 3460 5332 39 1291 8945 1761 279 3354 
488 2256 8144 8741 5545 7160 3330 6759 8513 1528 8147 3695 2673 719 9483 
489 94 5077 5055 5486 8750 3854 9668 3114 728 2293 
490 4771 7298 6238 5691 415 4638 4593 8942 3095 
491 1804 6620 6950 9627 5082 7524 1989 6277 811 3079 
492 5073 4928 9610 939 6393 4830 8827 1000 8422 4991 
493 4173 9427 5663 5107 5066 3546 1138 6629 1670 4958 
494 4782 5273 8397 6035 7106 1821 3755 27 4012 9640 838 
495 4875 5081 622 5660 4276 9187 1463 5439 2390 6804 3387 5885 7369 7709 
496 2610 7228 2277 7295 8509 3027 9021 309 4845 4815 9800 8431 8343 
497 3829 5210 4439 1898 7960 7731 3565 8575 6333 8189 3991 9510 9436 4045 9930 
498 2730 1325 3005 442 8792 6222 2031 1262 7464 9443 627 155 3584 8711 
499 1849 4572 3760 4424 3057 7729 9285 7996 8995 9046 4684 8663 
