100
0 3130 8580 3349 873 3304 778 8153 7037 671 6855 6575 6040 8813 8434 6249 7698 9820 6038 2144 8447 4972 2901 6592 5769 8976 5441 2789 3235 2392 6242 2066 8376 823 6693 4016 2024 2406 9060 3543 7673 8849 6836 4448 9661 993 547 5391 8027 7226 5356 5654 6850 6235 9051 1994 9504 6824 143 1983 4257 8115 5266 1979 1632 5429 5542 2633 7252 8192 7324 487 7151 3987 7717 8437 116 3873 1697 9040 3488 7669 762 275 8406 3251 8284 5690 3840 4497 9114 509 3395 7600 5309 6029 4300 9762 5349 1188 6081 4983 8395 1360 9299 7531 4255 3093 9372 1526 4738 
1 8007 1722 6602 7967 8700 9973 8040 187 404 3958 5801 8263 6533 8375 5196 9358 9869 9079 8590 2642 2782 3695 4757 4587 9124 6140 2481 2424 4301 5270 7210 1670 7561 6051 8188 6169 356 342 1554 450 8824 3874 835 2908 7965 2632 7975 204 8565 8805 7319 8956 8836 9671 9062 3823 4280 5528 4028 8320 604 4285 9264 7303 6226 2374 5330 1423 790 224 1097 2986 2396 4170 1006 1501 8312 2803 114 6580 7793 3457 1316 2909 8821 9520 1416 5667 9983 1369 8861 647 146 7541 677 1324 9334 3089 6079 5577 2827 1633 5780 4176 8660 3597 6209 9480 6187 985 4306 
2 1225 4580 3416 403 1456 9411 9102 5247 7833 4752 6116 5450 9355 665 7402 7169 3019 2097 8019 5541 4849 4233 7432 5413 8869 3836 6399 7849 4462 8958 2154 344 5773 9390 3797 1672 3327 7647 8651 6437 3272 5991 7785 1759 9395 1692 8127 619 3350 34 3752 9738 3609 2323 2248 4791 1746 8391 5188 6805 4831 7348 7665 8270 4370 7090 2696 5281 5950 191 492 3182 9007 7048 9097 5909 8986 7905 8147 5521 930 5681 131 6375 3854 3846 1756 1388 8988 8816 7712 1441 2297 7484 9297 372 4484 4222 571 6415 7597 5051 9000 7470 1181 
3 662 7899 9339 4677 5148 2193 8100 3738 960 1140 3005 5332 4474 4591 3520 7977 7914 6984 3354 6293 1392 5536 1952 3003 9951 1615 1890 3549 7361 6240 574 9683 67 5382 3757 8186 7208 4813 5967 9503 5280 5808 1457 5125 6353 5200 9597 1102 1203 6640 1361 366 8633 2730 3753 4653 4907 7147 8720 9105 7418 9134 7746 98 9919 7439 1768 8664 1884 377 8339 7557 7264 997 2061 3588 975 9612 3139 6977 3683 6101 6537 5181 2634 7804 8134 5898 8865 2837 8217 1912 6366 4472 9874 7781 9636 2716 7660 8610 
4 9314 4777 4213 2501 8727 8436 3844 2089 952 2403 5187 1794 4290 6948 5926 3080 7864 2387 1002 8114 3939 3938 4162 5514 9967 1210 1881 2413 5034 5289 2309 7040 5246 4120 7634 6535 2004 4002 734 7596 2114 3910 5215 8216 3333 6687 8154 357 5894 212 8550 3088 8650 8063 7312 5097 6407 5224 7687 5921 3385 6410 8639 6466 9811 1761 3707 7912 2840 8531 5821 5988 9546 7450 1976 8748 412 4743 4728 8983 2608 4584 6828 9311 712 7408 6102 6120 3144 9074 5455 6586 4278 6017 7069 5751 656 596 5015 9005 9563 7906 717 6706 6405 8788 5393 
5 4594 6349 4284 9914 6852 163 5304 2214 1778 7619 1966 2573 8584 3612 1646 6742 8734 6904 4114 4098 4395 4567 4035 1379 3289 4238 4279 5008 8426 3390 8461 3884 4504 5627 6509 8654 2822 4851 8493 77 908 9913 9269 9632 3203 7276 6320 3275 4147 8724 4821 9784 9802 2441 7369 1497 2943 1621 698 4212 236 3046 8948 3945 6350 5337 6736 5477 3044 28 2070 2166 9085 5089 1622 6751 1892 8831 916 104 7108 3983 4364 9120 2669 5535 4076 6225 3246 8430 6521 6581 2414 1610 6446 2709 2304 1864 
6 5559 9496 7709 7964 1248 7097 9845 8196 6099 8214 5296 8122 521 6992 1275 3997 3894 1065 3562 2148 659 4198 7304 1795 7140 8661 4783 525 461 7260 1605 8730 541 4010 1797 7394 7537 9995 3074 5635 3249 6479 780 6529 3583 779 2281 4540 3079 6019 9387 3379 2726 2593 9223 6689 7881 1218 617 1128 1957 2657 9423 709 3025 812 8901 5533 7071 5710 3618 4042 5164 962 5704 7467 2464 3288 4355 4318 703 6596 7811 2647 5795 4571 776 6317 7430 994 4755 3081 684 
7 7913 8473 3518 1753 6508 8478 3001 5764 8749 8102 2607 6324 6499 9714 3716 8631 6145 8993 3253 4534 6230 250 1380 9709 9860 8385 96 5895 775 1007 1520 2013 1736 7050 9713 1314 3727 9555 8765 7102 7589 2896 3163 7809 6154 8350 9889 4052 4169 8098 1640 4490 9907 4449 9992 8949 9071 6151 8934 1685 3171 2591 9785 6373 9388 5916 4560 7026 2536 360 874 2714 4563 3744 8071 1880 3082 8701 1737 8429 2492 9291 9340 8537 2879 4199 2446 2566 2770 9972 3723 3486 9371 2495 3896 6119 43 4815 7961 2493 7211 4240 8293 
8 2113 1954 5714 9063 1230 9408 3059 1806 2485 9638 1918 6421 6097 3650 4599 4603 6036 5418 6243 4624 7103 2055 4154 787 7063 7911 1837 4378 7808 4419 7941 2146 2768 6326 6471 9463 1843 3610 9207 8032 2261 5874 4461 1599 4441 4997 8735 5920 55 6859 685 3907 4030 1813 9813 5348 4103 6608 9407 7548 6266 3558 8113 3697 3443 4412 5044 86 9468 7969 4499 9298 7114 8051 7563 8218 4182 654 7829 6427 8604 1898 2950 9482 4897 2651 1053 4431 5589 7825 3266 4992 277 2944 1137 435 4068 9483 6756 7640 4581 
9 1016 1430 9315 2253 9514 7302 4825 9679 2902 6018 648 2545 2639 5116 2797 156 894 8936 8677 963 1896 7465 4688 7972 505 9753 4763 6818 1178 6763 1063 4685 8645 2806 6309 1121 4079 2678 3604 4799 2571 9540 2359 6680 5151 2478 7936 4390 7342 8333 5176 2105 8233 7649 6816 1374 5913 4249 7415 3187 2624 40 8133 7441 8613 8393 7770 6729 1865 7170 3322 5079 9391 5497 1612 7055 7536 6028 1647 5995 9169 4208 2487 4706 4967 6941 1451 1751 4319 2084 2784 6996 6089 4400 3054 2623 13 
10 2911 7585 4365 2422 429 1694 2681 6449 7775 4334 5530 8951 2095 3129 7664 516 9665 7005 3705 7007 2629 8193 3450 2554 7761 6147 8323 7607 4919 1387 4670 6369 3501 3975 968 2029 8975 7789 5476 2473 174 5249 3831 5849 105 6872 890 8635 857 6919 5888 705 9703 2810 3435 9857 743 9220 1965 1174 3581 7000 7515 5696 9130 2783 8759 2068 8388 9067 2159 5729 8070 8203 3973 4323 2391 1545 2870 9779 750 6987 5883 7376 8591 8370 5366 3909 2302 2500 6788 3914 171 1675 
11 4110 7004 91 9841 9901 4228 2490 8410 8116 2224 4769 7204 8445 4297 5805 1347 6694 1905 1201 7443 4570 1170 6109 1022 1491 278 3382 4383 7334 3177 7831 6971 3643 6370 2628 9643 4943 2378 2389 3931 41 2300 5081 1557 4876 3971 5213 193 8169 6424 6883 234 2243 7743 327 6315 6273 63 9926 4966 1171 3930 7830 6544 9776 3326 233 5687 362 586 6149 2188 1963 9942 6755 1445 6840 6306 9521 3592 6363 6523 7832 4996 7272 1214 4382 7387 9999 502 7695 1938 8277 6652 3168 4434 7594 2954 1775 2022 8829 715 9807 426 8471 5269 
12 8659 2745 1967 8365 6897 142 6882 3230 5101 8349 4875 5463 206 3640 7294 2488 8636 9352 5814 4729 6433 2163 774 7752 2208 397 6074 2361 8377 3261 733 7086 3845 2873 5103 4586 2893 4305 7650 2802 8669 2631 9002 854 1531 9631 6651 2472 5749 6133 5261 2116 879 2533 6121 8709 5467 2111 8742 6835 3375 6619 32 24 530 5242 9426 8966 4843 6108 9276 4863 7892 3771 1095 8889 3508 8566 8014 1308 729 7850 8059 5173 8146 3863 2320 3463 5629 4320 6362 7821 5947 2526 4447 4616 7526 
13 474 515 9668 8521 6589 948 8324 7074 7130 1296 8995 4066 3758 9859 8753 3083 6112 9065 3526 5496 7715 6254 895 3644 4860 7491 8841 369 8809 4890 8202 6397 6301 8894 7250 8396 4546 7286 7735 9307 3399 9641 6607 2272 7818 8190 3335 8075 2078 1101 9012 9204 681 7446 7308 9898 7880 9192 5287 8501 3503 8497 588 173 5327 6364 4302 1325 9198 6511 9310 6550 850 6943 8681 9479 8858 7760 8505 9609 6891 1706 3402 8431 1398 4386 4442 1235 736 5568 8801 5587 89 5149 1583 6715 261 7756 331 9305 6348 
14 2436 5291 4204 3942 9409 298 6869 2845 6890 4359 1139 7453 5023 5471 1863 4270 7300 7349 9865 314 7620 2440 8511 7065 9659 2223 8953 6027 1475 6090 4625 5941 3433 9626 9491 5192 3425 8609 1331 1197 4561 7516 4665 4676 5257 2905 760 8490 4155 8569 475 9669 3347 2736 7986 3680 7915 6956 7117 9882 2463 2513 5671 4215 701 2521 832 1735 2689 5750 5925 6032 8864 6565 6905 9649 6126 3063 7184 6493 2465 4918 6794 5411 9915 9309 2890 3200 6928 2805 8340 
15 4856 2671 2644 7006 4195 1261 1409 5545 7431 322 4809 6268 1478 1839 8355 7656 5295 4578 1958 1313 4648 5258 3872 3828 5473 2596 7016 8732 3825 4928 7019 9975 8663 3240 9682 6632 7525 305 5615 5468 5029 5658 2494 2025 9831 5182 9036 834 9789 4326 4090 663 1075 1263 2073 7207 6690 5350 8653 6526 5406 891 2135 1964 6895 6563 6383 8855 7729 1783 3238 3964 6626 4105 855 2991 8928 3066 1698 8476 2340 1030 7877 5661 1182 5606 9437 7973 5978 9957 9810 7572 8557 759 4314 484 8860 2151 2511 8848 7357 9781 5131 7436 2813 3122 4070 
16 2809 454 5436 6387 7948 4196 7244 6860 9949 231 1353 1710 6150 944 9690 3918 8308 7655 8237 8607 1066 387 5494 2648 1594 4592 9054 6048 4265 2975 6510 6442 905 3984 748 4315 6809 2310 2172 858 428 7406 8016 9605 3447 7601 6494 4102 9481 5561 4870 3023 54 2653 9893 9052 4219 7095 1789 9953 8577 9038 5315 4798 1250 5660 6909 9678 5143 4912 4950 6519 5488 3868 5226 9581 8077 6797 9591 2518 8771 5611 6071 7552 3917 4575 3264 107 6216 8038 3383 6319 931 4759 3260 7186 5341 1651 686 106 
17 5517 5949 4771 1396 6605 2456 6562 4256 6086 1427 8384 8453 5595 8311 7819 5190 9292 1871 8381 2912 2338 9326 5668 1635 7725 6138 9750 5786 3358 8587 9069 4832 9964 1471 7489 9863 3589 7336 9490 6356 1366 8433 3367 9342 2505 7816 8838 3373 6609 7566 8296 6055 539 3255 9104 7947 8656 6031 5538 3030 8337 8183 3191 1476 8109 2178 5128 837 1999 6060 6345 4394 5940 6503 9788 8020 2263 7529 9939 3534 8697 2718 9576 638 4673 4770 5954 7651 337 7704 7486 2404 1732 5243 4852 5701 315 4962 
18 1728 9151 4045 3866 3164 506 859 3933 5665 7030 3593 2262 2448 8963 5767 666 3174 1781 1852 5244 2800 1618 2667 2411 3977 9800 8895 4829 2917 1717 8361 1341 6467 5596 1079 4717 9133 3231 3470 1546 7890 591 7769 9434 5339 4483 1383 9997 6783 9190 6978 8246 9258 7603 5498 9443 5650 3064 6856 9692 518 5647 1270 6170 933 1329 4705 6507 6310 8458 2926 714 5277 6513 609 5133 5171 3403 3591 6130 7570 9858 3145 5466 6311 2749 3446 2855 9364 5872 576 8079 3824 5202 6092 6341 8228 984 53 2619 7814 6646 7126 9474 6868 5957 4921 
19 2830 6024 4884 6231 3976 683 3814 9383 1157 416 6314 1262 5184 7317 5880 8614 7107 3380 7146 1239 980 488 2951 9606 529 6246 593 708 3359 7373 6163 650 3058 6153 6527 9570 8627 6010 7291 1953 8319 3479 9497 5368 6662 4569 16 2287 2519 2534 6536 5639 3126 805 1757 3993 3775 1648 299 4841 3037 5617 7106 6712 8164 8837 7848 9650 4034 517 7927 9538 2010 7320 8290 7143 8638 8262 1731 3728 2512 4998 781 3586 7728 9209 7827 1856 7538 6122 8877 1336 4899 7588 9791 4020 262 2471 1061 5362 7279 9610 1687 8844 1655 8088 2412 
20 9058 3714 2641 745 6724 1292 2660 3809 9032 5640 6930 8868 7592 6439 6223 9094 4075 2275 7224 8981 9908 2508 7411 3478 8450 8588 5402 585 1080 969 6659 9642 5664 2136 4964 332 5159 1845 3991 3637 1569 8081 4806 9943 8210 9842 616 5770 4797 1488 3149 5811 5139 5207 2124 2679 6725 3788 1972 4737 8716 9899 721 4299 6885 2017 2821 3773 5789 7315 7580 4716 9930 6484 8394 5197 8714 7067 9502 1960 5465 3454 5739 7345 9850 4818 2240 7917 4122 9962 6778 7956 864 4476 6477 5526 8924 1941 3308 7287 4905 5443 5784 9782 4178 7797 
21 7932 3344 9139 560 674 7027 1968 3386 7134 6003 4259 8969 5283 8489 2843 8498 6409 5877 6444 324 8454 9627 6568 3294 6286 3234 3638 8616 1923 2409 630 3734 5092 4071 2698 6425 4515 5896 1942 82 4083 8989 3842 2137 269 3172 5168 5347 9021 3888 9819 1552 8110 4675 1364 9905 4438 8903 3575 3004 9733 4701 101 9568 4454 2096 4243 6548 8802 1112 8362 8712 1593 7262 6064 4708 9256 9660 3491 9792 4508 4959 5720 2184 358 3192 1165 4478 3317 8930 8685 7987 1299 8300 2585 8916 9374 126 8655 6924 3065 
22 9976 8234 8915 3547 3290 5539 8407 8278 5401 4686 7278 6265 5868 6752 7391 5169 5753 2769 1771 1474 8899 3661 6416 8513 7311 4188 1284 6457 9759 1422 5098 4640 8595 6951 1459 867 267 9817 6781 754 1793 6967 4747 4132 8494 753 9712 6085 2249 1669 1236 9833 6986 9645 1886 6380 122 3582 2341 6183 9634 5002 4938 2570 6947 7243 9157 9382 345 3750 8972 5826 1808 4337 3620 5752 4426 7806 4037 8462 2366 7280 7332 1535 129 491 3573 3785 2985 4032 6382 7631 1877 7458 3075 6735 987 
23 8892 1971 5358 9199 6595 7820 4477 8536 4590 7141 172 2933 427 4455 1077 6862 682 2210 9694 2699 2993 2428 7201 6745 2238 6129 7330 1744 1421 497 4342 6656 9744 1295 1059 1663 12 9301 8859 1903 5689 3662 5802 566 5762 4191 3972 3411 5793 4948 9384 8130 9433 3346 6720 5379 3410 936 5736 2267 8412 5902 8266 382 742 2914 1620 8481 9771 9519 5232 3634 9160 7068 7202 5679 223 4160 218 4732 7096 4519 1714 9122 1876 9013 7952 9472 1636 4479 3816 4368 7540 8372 3024 9775 4156 1666 8819 
24 6555 2362 6894 6258 7558 4735 9156 6847 6250 237 599 6354 6748 8421 9332 9283 8762 2002 5838 6158 3461 673 7409 8772 6820 5761 9854 8743 5279 626 9271 1138 4696 4704 3737 5502 3462 4588 4332 9080 9275 8950 1691 8006 6412 961 5822 1089 8970 3989 1662 3269 7979 6325 5924 8875 956 7946 8994 1145 3070 9706 8256 3808 937 6570 8528 7641 8346 8052 3278 1277 1711 8980 6677 5481 9295 3615 849 3316 2161 2690 5031 4181 1216 4291 1099 2564 2630 6062 4528 3469 9328 3458 1517 8828 9250 4026 
25 2683 1087 9687 4000 8832 4031 5129 9200 6554 3184 4430 2841 9760 9596 3336 2572 1543 36 4092 9614 7289 5273 7708 5183 1191 2177 9376 4317 534 2707 4059 4808 9534 7944 3137 3176 6564 7277 4953 6772 8885 9877 8770 7661 5504 6023 5815 7359 9629 6759 6073 7267 6056 7456 7584 4414 643 8026 8507 887 1265 718 3766 7135 9569 3434 9178 1143 6767 8073 7762 4873 8715 6627 5353 9663 2377 2649 2216 9296 6810 2000 3418 123 6360 8332 2157 7844 9571 1866 9436 3621 8136 5475 1857 7132 1565 208 3551 7935 4152 4408 5972 
26 6898 5537 496 553 5073 5546 9401 1730 3363 3236 6888 7838 363 8785 561 5142 791 7352 2126 4050 3656 3113 9736 8740 8545 451 3880 8979 3641 7182 983 3426 3076 5292 66 7801 9106 5020 7934 3475 3832 788 5022 125 9004 1162 2032 2849 6338 7270 5177 6743 4039 7955 1566 9064 6635 1397 9180 7506 4411 8399 7866 5860 7238 110 8106 6180 1825 1084 8929 3674 6969 4371 9936 1219 493 7292 8814 3692 8862 330 6267 5812 1044 1228 9673 2691 3729 97 2568 3033 8781 
27 5807 2104 758 84 3295 3879 869 463 5771 3833 2011 9746 3542 5062 7293 8159 9322 6654 5620 4646 6775 7144 5601 7180 8257 3101 1654 2773 5843 562 6162 971 8625 9780 9449 9657 7792 2234 3099 460 7720 2682 559 1415 2033 469 9163 4352 2499 533 5756 4730 8269 4834 1915 9101 8882 4674 7028 4926 9727 1767 7285 7903 3731 4180 1033 7622 9053 3897 2983 7732 4450 2479 3194 4792 6159 7138 5943 6063 3451 8738 2755 6614 2496 6821 6167 1921 563 3517 5930 2250 119 999 
28 6053 8736 8508 5046 2622 6878 8076 1003 1132 3799 5343 3885 6954 4385 5260 1975 2579 6280 9413 9238 6865 8968 3480 1418 8466 6709 2150 1215 1823 9938 5251 3494 5 7689 3414 2040 5222 3407 7902 3764 2447 6740 2582 58 6298 2241 1234 875 8780 2686 3189 4514 9959 4446 9428 8820 9991 1683 419 4764 2270 1556 9386 6843 6391 3702 573 7910 4125 6197 8121 6450 2509 3696 2637 9452 3532 4523 3813 9098 3232 3685 6704 2614 7562 5195 3193 3307 8952 783 6386 6118 2023 5830 9565 2892 9699 2712 4013 
29 3124 7222 1358 603 2620 5960 5970 5869 6792 1849 9453 188 8675 1401 2330 6811 5781 2353 6604 782 9025 1009 3821 9451 6285 7875 6041 4150 7744 5063 6361 5914 8022 9731 7807 2381 1534 6802 9432 9670 4512 4286 3421 1414 8371 6880 7683 8570 2711 7142 4104 2548 4562 318 6645 7765 9881 255 8338 8704 7546 4074 6833 6893 6461 319 2997 3760 767 1602 8744 7610 7996 5480 4220 2289 8383 613 6561 167 9799 5501 8648 3482 3339 9070 215 5100 9044 6351 3245 1043 5600 9553 1893 7984 5597 239 1208 1035 9778 2965 7389 8307 1895 5233 5211 4517 7714 5140 
30 2788 7181 2796 5486 4505 8069 8427 6233 3413 581 8479 5058 304 7206 3698 6083 4994 293 1613 6175 1515 6155 9551 1792 848 3858 3047 5435 2854 5730 7930 8856 6610 2583 5351 2640 1774 7657 5199 8602 7658 5962 2945 5797 7306 6601 9196 6016 5074 5686 2664 6732 9747 4362 8959 7295 797 9537 6294 8003 9946 8586 8945 4920 1619 1522 8389 2379 8964 3895 4521 1291 7991 9715 9438 7593 3060 5837 4775 6111 5864 6176 4980 3455 8553 3328 4862 8668 3199 9867 7753 3096 5265 489 1332 9486 7271 9440 9722 
31 26 1237 112 4201 9963 6703 6873 3747 5867 3392 3371 5084 4374 1598 8510 8126 4748 3152 1048 2531 9320 7423 2368 6844 5458 3409 9450 5851 8512 8087 5638 7602 7447 8301 5001 1559 1847 2206 2595 4475 5237 1738 7263 302 4898 2599 959 8085 1859 6863 841 5305 2826 3670 9003 5055 7568 6495 6664 5299 5616 4043 2483 8977 6432 137 6785 1018 9710 4535 3624 7032 56 711 6910 2160 1809 7284 1438 2131 5152 3285 6141 7679 9077 2259 1448 348 7477 7767 7810 7354 5012 6323 279 5942 9289 
32 238 6750 4072 7174 5344 9827 2883 9920 4903 5885 2929 9092 3834 2357 3321 4437 1450 2420 3839 4429 3926 3812 1041 5787 6696 4084 8054 7396 9179 1220 4910 1455 6514 2831 2563 2399 8710 2884 2212 9853 795 4409 9812 5882 8132 6958 1343 6949 1858 6050 8878 1553 9015 5075 4925 3196 8053 5335 1407 8477 3464 3125 1945 7139 7239 4266 499 6576 6337 6819 1072 8827 8776 320 196 9945 1483 6505 6191 4227 3899 818 9824 4536 9958 407 3733 8417 5703 1229 974 808 9368 6329 4339 45 1586 4908 5904 
33 8352 4557 2899 1202 1370 2924 8784 7425 1473 8880 4153 6234 6665 877 8144 8529 3531 183 2149 8243 398 2962 4424 756 8035 3904 6385 5324 8517 9055 615 9110 4331 8015 1056 7676 8259 3062 9228 2052 4833 8874 99 7755 945 370 2342 5412 7659 1742 7571 5702 2162 1154 6218 1540 8187 4995 3801 3590 287 7094 5025 8287 5210 9300 1509 2990 1848 1447 7360 6516 2102 5908 5422 9470 6252 9577 8281 2152 6131 2056 4810 8347 6789 7626 947 6692 1094 7534 7590 7648 1897 8227 9458 4572 
34 7313 5323 8150 5556 9944 6927 9243 3782 6952 8247 3700 7442 3348 9554 5738 3682 8138 9584 1484 6908 10 751 9119 8254 225 9917 6911 1486 3368 7871 3428 5848 259 5951 244 5691 822 9366 5540 8673 4347 6307 2077 8491 1961 2393 118 4404 8313 3460 7036 2542 2710 8033 8754 4210 3109 8680 5163 2048 7078 6388 7485 288 9195 7798 4917 8245 9705 31 6342 3969 7475 9725 2807 2930 409 7703 2072 1001 8271 1465 8997 9396 4328 9934 7167 4854 4711 7861 2842 5946 5990 4718 2743 9752 8062 3876 6867 5072 4398 5359 9864 2774 
35 8520 9056 3986 8220 3318 810 9312 1689 1814 4553 8702 1989 7681 155 2889 9100 2349 4768 3357 3039 3397 5581 2288 6402 1020 6199 4655 5695 4656 4601 8457 9830 7918 5853 8094 6942 5078 6114 2732 1135 8857 9155 8514 7678 3150 3233 6813 6963 9277 4970 3343 3400 7524 4690 522 8612 1282 9888 4662 772 8304 2415 8299 160 2491 6396 329 6260 7878 1700 4837 5186 50 22 3893 5818 7326 531 7992 9681 7318 9986 6558 207 443 1785 5275 1298 9441 5011 3069 3160 9590 4471 4978 1167 1185 3117 6039 3776 1155 
36 9242 694 482 8516 9331 7298 2120 2995 115 4250 8912 732 1266 6106 5778 7225 2610 6606 3595 3677 8938 2557 5076 6497 1064 7842 3257 4263 1098 840 941 7724 9 2294 8499 8248 655 7255 4130 4469 2812 1996 9406 7397 5403 9394 3596 1320 966 4458 4207 927 6492 1067 8509 2312 8166 909 2970 8726 3332 2864 1413 5278 2735 6912 9969 274 1984 6675 7983 3648 6227 2480 9506 2700 9495 3528 5397 7455 6213 2722 1741 1199 1723 5137 5708 6164 7629 1930 2703 2866 214 8348 6076 1920 2034 7994 1495 9815 5204 
37 7933 5516 2088 335 7623 8657 6817 3864 7009 5018 9876 2581 7898 7545 5354 6857 1625 6042 611 5932 1532 8294 990 3784 2202 6877 6372 1530 5111 1163 2198 8564 5066 3606 6201 7824 1359 4149 1384 5345 1126 23 2279 9734 3119 7223 2663 1021 4848 7747 9604 9330 9611 8751 9795 151 3151 8173 5054 8881 5609 7500 5697 7472 9039 7370 1638 6143 6808 6009 9928 485 4226 1195 37 1264 4889 9801 4612 8432 3822 6571 5398 548 5518 3843 5452 3802 5511 251 1932 597 5276 7858 
38 6255 6403 5907 4835 8201 7581 3713 978 3818 480 5000 6093 1271 1624 6142 4750 5241 4230 5618 2643 8331 2925 7473 9363 5086 4049 2751 3155 8475 5427 4952 3935 479 2510 3442 3779 9539 8621 7356 8422 4602 1338 9765 4721 7165 3228 6263 1453 6464 1576 2332 2559 2646 7667 5571 5670 8693 5777 958 4258 5757 2848 4361 3613 4598 1528 490 658 3693 4137 1408 6157 6462 9357 2758 6760 1747 498 7047 9595 1573 432 7023 646 2762 4812 
39 5490 8538 3807 3302 594 5438 9333 8804 8175 6491 4723 2514 2733 6796 5484 3961 5040 3195 6982 1604 8629 3552 1693 3154 1555 9319 4144 886 3539 676 2282 9533 1309 5160 9856 1355 7062 7339 4344 9598 285 9562 8524 1060 6033 72 1335 5445 1147 672 2795 8096 7843 8567 3507 1830 7079 444 3092 5451 3949 6257 3313 2527 3514 6617 5041 421 9906 1790 7748 4666 1727 495 5485 4946 7786 6552 3165 6674 2971 1860 7159 9648 8484 7031 338 3536 130 5820 5955 1425 
40 5824 2816 1131 6305 3787 1712 4529 1254 544 5447 1740 9466 232 8048 4190 154 3777 7574 7365 3580 1699 5889 5509 8933 5489 2020 9728 1327 4007 8773 8105 8165 7335 4480 9755 9769 1709 1036 7615 3502 3500 2125 1538 2525 1436 1562 8037 9894 2365 7618 1606 9723 4507 2431 2439 3273 4703 3474 6282 8438 170 5250 998 1435 1213 4533 3865 4987 3557 3431 4778 2195 896 4942 9418 7784 1144 6174 6806 4229 6913 8123 2268 94 9875 7783 7997 5605 2913 2442 2759 6722 8717 49 5014 1037 1503 1233 6061 4668 
41 9515 2091 4914 8941 5437 7218 9341 8707 5369 8205 9988 3438 8265 8240 1724 2602 241 1844 3341 2090 3483 401 614 2504 7444 2109 3533 5434 9558 5519 1521 102 100 1959 3544 9461 819 4468 3668 9288 1611 7254 2337 3952 1399 211 1508 1249 8777 1718 741 8563 2731 6955 3911 5754 9073 2036 7951 9527 5320 4623 5067 3042 3013 6973 3045 1462 4485 2186 9427 7575 4977 7642 7840 5582 7085 1189 912 4556 7219 7705 9033 9226 6557 7749 7925 7198 1231 2360 7630 3875 4275 637 5831 5728 2757 359 5785 6532 861 2720 
42 6946 5070 4761 9826 1572 1729 9108 4650 9548 6210 6069 6261 2296 899 5683 9009 4184 6786 3222 6289 4087 6015 5876 3690 1093 5584 9707 9978 4183 8255 1541 8733 2963 4930 3687 8806 2665 1460 1524 1702 799 3890 4242 7671 7953 5836 5262 4790 6087 3793 6398 6807 7957 336 310 8482 5388 9420 4397 3619 2460 1085 8504 190 6417 3598 3515 8671 5495 2918 6313 4503 1943 3223 2529 3631 21 3883 4607 2176 6229 7787 4335 5562 7852 1221 9697 9045 9550 4085 6612 523 6376 3856 4702 6710 2524 307 8351 4420 9526 9222 8560 
43 568 9230 4949 503 5110 8292 7863 558 7740 4610 4373 6622 9575 6849 6368 4751 478 5019 4976 1739 180 575 3268 9469 3795 9742 1525 5104 3148 5375 1015 8176 3859 3947 400 9675 1106 5973 2871 5792 2824 5574 2693 1641 3688 6832 1828 6531 7737 3041 6008 4193 8092 9193 6896 7459 8344 4794 1668 5522 6045 5938 3955 1772 8965 9354 8530 1489 1749 5688 6393 9467 9125 9236 6173 8215 9041 1068 4453 557 3996 5524 2437 4618 8971 9464 1782 1310 5059 7692 9884 9227 3965 
44 628 8004 4672 6035 4433 9656 1382 8041 1076 6587 3950 6848 5803 8250 1115 1136 6070 5157 4555 1437 6012 768 4800 9177 9931 5912 6749 438 5150 1934 2106 3623 7817 354 1715 3646 159 2576 4991 4632 201 8745 8161 179 2670 1404 5459 4022 3262 1273 7853 9245 5922 92 4254 6 2477 8288 4827 3881 5948 8452 3032 166 3790 911 4369 4157 3473 1442 4713 868 3010 192 829 1653 8723 6328 6414 9912 8927 3490 4742 7209 3306 379 3323 5520 2661 7579 8405 501 9646 2336 8556 4700 746 5841 264 5981 3778 4895 4112 
45 8684 5624 3185 3925 7384 7549 8917 5682 1927 4707 258 252 8778 7490 5440 2197 9362 8306 5548 3374 8691 9186 2229 2968 6037 2174 8061 6287 2779 1980 2957 6408 2603 5037 2265 4604 1788 5939 4501 992 1681 1997 8451 7699 6667 3205 740 8600 8601 3611 6994 198 2254 6204 7547 6966 3684 4244 7445 9664 5208 7643 4172 6288 2071 248 5931 1276 1516 3213 981 6655 7993 9718 7966 4776 4767 8840 3110 8378 4858 5800 3675 5405 7381 4785 6815 1799 6741 6091 5132 2132 6358 2285 5965 770 9359 4146 6600 4343 5790 4005 4719 9431 2724 9948 5992 2419 8943 
46 508 4615 8157 2766 7768 3769 1005 9639 308 7974 4525 9137 3173 6347 7393 8834 3754 4113 8049 8807 3561 2038 4465 3106 6858 1765 4712 9509 2750 4067 1256 9691 6723 30 5230 1674 9662 7261 8721 3210 5038 8667 5039 6447 1134 1088 7872 6766 8703 266 4126 9628 3017 3499 6184 5474 5006 9947 6435 7338 3932 7543 8212 1869 5847 5193 9252 1585 4321 1304 476 8628 2952 4985 447 5642 3259 2541 1116 7674 4913 4379 5608 1119 5937 7560 6822 9057 2996 9745 814 2741 737 2321 3034 5240 7587 7192 6080 757 2047 7776 9455 1854 
47 4093 5725 5245 6923 8425 1012 1645 4866 769 5669 9613 8229 195 7836 434 976 3388 2299 6047 731 7247 9414 221 6088 6512 2574 5214 540 7305 4456 3028 7815 8791 3798 1127 1280 4634 4645 3745 2344 6892 6985 5156 6684 4639 1242 292 6207 8083 2546 5684 4262 777 7846 3830 9142 6127 2168 622 5809 8960 589 9525 4310 5396 7520 9517 326 8200 3068 3992 8909 9861 2432 3002 2327 8845 7251 8242 831 4463 728 7259 6244 8182 9805 1117 4506 8238 6774 2222 7049 679 8058 8581 939 6771 8746 4056 4961 4844 7426 8191 6950 
48 3057 8850 2118 6970 3521 4413 5823 6160 2158 4927 661 7723 5290 2984 414 202 9909 8897 5285 8354 7242 9640 3853 2934 1389 3303 6046 3345 1539 5680 85 7461 9206 2927 6739 1510 290 5487 3095 2351 455 9987 5900 986 3743 6936 8644 2799 5706 69 3114 6716 511 7185 2291 4348 2578 1159 8084 8363 5314 8 8890 6839 5693 2277 2076 4100 4292 7813 707 3296 3689 1054 2352 5454 870 5905 7882 8403 5408 538 3018 9651 8280 4460 9421 1375 3886 229 3749 5565 1247 4303 5311 5961 3789 
49 2209 806 5678 182 5090 3835 9454 579 289 7188 696 862 3892 2354 6547 5963 4502 928 7916 9719 726 6384 5692 7120 4009 1365 8005 1307 6623 8891 1574 5346 9129 9960 888 147 243 8390 9465 7510 9783 4057 5340 3940 7115 3181 9096 2187 7758 5532 5384 7920 3342 2528 185 1372 6480 1269 3204 8342 950 8594 9249 4341 8329 9446 4631 7904 1658 7828 4077 3649 929 9873 9392 1924 8826 3691 2684 5866 4600 2334 2786 592 3466 2719 4779 9560 2600 5410 1252 9524 3121 1780 7033 5547 8162 4145 7742 3663 2410 4054 4788 2468 800 
50 1357 3666 5387 6500 549 2859 4667 3811 989 2638 1351 5759 3659 1142 8642 4116 121 1537 1713 3708 457 4595 1052 5460 9351 3736 1158 4189 3512 9580 205 3331 6057 7778 2617 4957 8908 8539 7044 388 7129 9287 3686 7551 5570 219 300 8647 2421 5699 2255 7110 3576 6217 9929 1992 4123 5121 2335 1156 7556 951 1650 9790 5798 3051 5301 7805 9624 1523 3629 3000 4845 4758 2169 2740 6518 9111 1071 2790 5271 9029 2237 8957 853 4363 5126 4457 3453 8620 7266 4482 4237 6331 1671 9410 8168 2408 9667 4247 1431 4617 1057 5727 1176 9900 4715 
51 8608 9711 6224 5500 2326 3943 8898 8670 2577 6615 3477 2112 8455 4880 5721 796 1424 5858 7451 6312 4161 5083 420 9693 7771 500 897 4695 3146 885 1664 6299 3270 4836 7963 7487 7116 2503 7891 6066 1734 3265 6247 7152 1627 1124 5056 4906 9266 4260 7073 5558 3756 2673 5415 3396 892 9751 340 2303 5625 3642 2621 2218 889 6990 5525 2006 8480 5045 6202 7507 9075 921 2298 3806 448 7422 3471 472 8472 5127 4724 4722 923 6436 8446 8833 7449 71 6618 8135 1870 3437 8682 2752 1173 8366 5316 5733 
52 3161 9573 7851 651 6292 7082 3369 176 6054 6504 949 5591 1391 8018 4224 794 6543 9170 8008 7216 8947 730 1381 9448 8562 6000 6648 4804 436 9996 7072 9630 3936 1281 3022 9084 1303 453 5446 4486 5610 6379 773 8180 2427 431 7124 526 845 8823 5713 7160 5065 2258 8767 1791 8542 2955 6100 4937 283 5743 8783 7685 9541 2875 7940 635 445 7194 9518 8090 7476 1596 4416 6352 3730 3243 7424 8226 4892 7088 9281 7249 3578 1831 856 9592 6837 2920 7171 5887 9985 9633 9445 8185 
53 8634 2231 6917 8107 2246 9927 2247 3445 9367 4881 2715 7614 618 2082 4179 2012 7024 81 943 6747 7091 9493 815 1333 6625 5118 5302 392 2115 3136 2906 7399 9925 5772 5444 4784 5712 8812 4941 2910 9145 5231 3153 8534 1151 6520 9619 4550 3016 914 4358 2331 9825 2324 1257 9459 3717 148 7731 1840 3215 2345 5077 3791 297 5399 6253 7924 4001 8095 4823 2940 3218 1464 7511 6777 9146 9308 9556 5221 6660 4901 1533 7855 5607 4683 349 5641 785 2878 5220 2028 6075 5944 5910 1105 
54 1588 6754 9498 2767 7483 8906 6182 1818 2395 8145 1390 5205 572 6214 9839 1916 6105 9489 88 6699 1584 470 7087 7039 761 265 439 8756 7608 1867 2562 1661 433 6573 1283 7606 6429 2506 2416 4780 4524 3530 8211 8321 2385 1027 6025 5716 8178 3156 9954 6095 3360 8047 5705 957 8469 7058 2888 8139 5308 5057 9379 9721 7433 494 9398 4356 1046 6906 1 587 3209 5370 8902 8086 9076 4527 2588 2851 9117 5392 9210 3258 5175 4235 8318 5758 20 6034 8796 9880 6829 5707 
55 3919 7018 8459 6611 9365 270 713 4241 424 5765 813 3300 4491 2953 4781 8931 5884 9313 7745 6613 3271 836 7539 9181 7535 3038 301 3739 3221 4298 2553 7017 688 4597 1887 1253 3340 197 4261 8582 1172 4197 9872 3774 9615 847 8057 9049 4444 2147 4740 6900 9761 8978 6886 6506 1417 8463 260 1069 2453 6935 8078 4008 226 2455 8142 8374 6389 605 7686 1708 9737 636 5342 9809 664 113 6392 5911 3999 996 3981 554 6189 2426 6104 4760 7617 8379 1232 3211 6193 8551 4091 9879 169 
56 5897 8341 6448 7691 883 6629 9902 8364 5984 3314 5381 3355 6637 7457 2005 2937 7164 6251 8758 6374 5380 8835 8760 2094 3263 6588 7668 725 4589 9818 1120 4498 7098 6730 1294 6918 4793 7632 5881 7161 6406 2051 8285 79 5719 9848 8336 70 5255 3118 1695 4611 8401 1901 184 323 1589 458 940 7528 2280 263 2286 3746 6496 7022 8867 8873 3078 723 9774 4428 5227 3994 8766 6717 5493 9535 3664 5755 1577 8800 6365 8793 6920 9536 1800 8900 2457 2045 2656 9138 2723 5212 5095 4164 7666 4165 3378 5783 3901 8279 9485 
57 3123 704 6871 2725 4551 5096 4573 1745 4402 3960 8089 7012 5567 6007 8152 9173 8568 4720 9696 6864 3614 3709 1875 459 910 3112 3012 4579 4693 8163 2658 5685 2898 3924 545 8404 1904 4782 9528 1169 8585 5592 199 3031 3352 371 3440 645 7766 8231 6190 7874 786 8223 5145 8787 3183 5491 9393 4294 7929 3726 6378 2692 7738 4493 755 9347 4789 1472 3281 3657 8555 9601 7256 8798 3826 5604 2075 9244 3029 1449 9048 1428 6719 8268 8010 1356 7945 1899 2846 6801 7675 161 6295 2522 149 1000 4488 2221 1812 1123 1821 6804 6553 
58 6800 6460 9171 6734 2196 1571 9488 1949 1209 1395 8397 3968 6572 4979 7314 3718 7896 9026 4659 9508 4406 4883 1289 3541 2672 9405 6434 6944 1082 3978 8808 5361 687 6746 7509 6172 3338 4609 4867 1490 8282 1378 5094 1970 2569 9262 1492 135 6178 5064 514 6812 4101 364 7038 964 1278 9419 2122 2847 3927 4543 2319 5228 1763 4566 83 7113 6744 6371 9087 7521 2035 9941 6339 1498 4642 228 4872 1426 3805 9172 7835 6638 7697 9849 8030 1207 7578 8719 804 6661 9921 4511 402 5108 2260 440 851 3857 6738 1339 6925 6463 
59 7355 4679 6929 4384 1686 5013 1810 7362 4407 4271 5994 8170 4187 8024 9268 8764 6200 4736 5134 2988 3053 8235 3703 8789 7908 5069 735 9720 1297 2956 47 9399 4106 6072 9348 6556 3974 601 8782 6773 8955 1696 8418 2273 5499 2921 6476 1062 1614 6208 5088 2627 2093 5286 946 1803 6488 6823 2675 6322 3861 5236 3712 2444 7859 216 8688 5760 4811 8506 7845 7480 4200 1091 6146 4281 771 8327 2459 1637 7061 5959 3913 5294 7307 697 3654 4354 6068 7156 6014 281 7296 117 2865 8303 6166 2363 7237 724 368 5194 1251 51 6621 2556 
60 9602 1109 411 2587 7221 5599 7127 7469 7901 9093 6276 5529 3324 9260 7229 5024 1939 4388 4128 8017 4626 7213 2192 6731 5746 6926 7710 7885 3077 8402 2535 5928 9505 8408 2560 9148 9804 5892 467 765 623 9698 934 2676 5333 2869 640 4733 9205 9042 3244 4308 1114 5735 9293 9083 8419 9990 893 7488 7950 7214 430 9066 9955 5555 3882 7576 1630 9028 9890 1608 2367 4418 6579 4739 7122 8698 2225 9579 2293 9318 3391 2203 4340 7231 9168 2244 4111 3362 8887 7257 3867 4853 9677 552 4532 8872 7690 7550 7555 6277 9935 
61 7823 1186 294 7282 5167 8763 2219 7879 4033 8695 4069 695 2153 3794 7150 551 6001 5598 6975 8028 1017 3980 394 825 7795 2900 5141 2852 7246 8811 3459 2386 9381 7029 5172 9885 803 3902 4694 4304 7240 291 8104 4691 9059 6177 4968 6004 3098 1748 8128 2561 2688 3405 3504 7684 4205 4710 6903 5861 6443 1617 5028 9574 4166 9404 1047 1096 3320 7895 4063 828 1184 4324 5017 8310 5071 6020 1499 3138 5135 7148 9870 2430 3701 7191 7168 3226 
62 9494 1914 7998 4167 5310 913 5061 9647 7230 1025 8067 8467 1902 2747 2772 7595 5109 5419 217 809 4820 7310 1394 4139 6960 3655 8439 4816 6658 7175 3372 3711 8334 3208 3248 7779 4019 2814 5715 4887 9174 1917 1146 5649 1819 9658 8456 9424 9966 8996 9708 2659 7428 8160 256 7417 9231 3767 7158 542 1716 7358 6528 8547 8442 1446 6359 2708 8818 8515 7942 230 9740 7347 7233 1485 9544 6914 2544 3982 9933 73 7503 1190 3759 2355 3225 341 7499 165 4814 995 5515 5651 249 7790 7274 38 3351 9674 8103 2761 8036 4133 
63 5958 3735 720 3366 5879 7089 1032 5806 9185 5544 1092 8992 8884 9652 3630 3761 1317 3086 3847 2685 2549 7532 481 2139 7363 9499 3325 965 6336 4697 8502 2615 5890 7398 590 7380 9974 74 8711 2121 8012 3104 6584 8589 6799 1305 2081 4097 6318 8289 33 7523 178 138 3179 2067 4282 807 9141 1684 1946 8495 6931 8117 2133 5766 4661 2242 4327 1505 3555 1937 9704 157 2103 3330 4357 6545 2543 4064 9844 7978 271 6643 2142 1198 3804 4367 860 
64 9167 3254 1595 7949 1352 9336 8043 606 1500 8940 5267 2523 7183 9023 7468 5980 4391 8554 6769 675 9225 6846 9017 6179 9273 9323 2211 649 3599 1461 1623 8630 7105 5893 4387 1855 7299 9290 2165 6278 4234 2179 4350 6539 5644 3970 5048 9360 2418 8149 2489 7341 5891 4427 2695 7999 8414 7938 6768 6691 2635 9361 3676 1481 4473 9871 5319 5082 5985 5870 7873 8597 3419 7922 2897 7888 1160 1878 1240 7084 5742 2992 2713 564 8428 2973 5334 3694 2532 7163 57 9224 6686 5390 1312 
65 5579 9583 4118 9588 4293 4929 1469 7190 1665 2959 1873 8676 3120 9952 9403 9356 6770 9241 3535 3186 2778 8315 6673 6999 852 7405 6876 9637 2771 3569 25 209 607 9191 124 6803 7645 9838 1842 1514 8561 5206 2053 1090 5153 3608 6188 1603 3652 9793 6501 2753 8786 1642 158 9188 9278 6921 8619 6135 5225 1004 9621 4309 5400 1051 3665 2987 2597 5439 8893 8982 8359 7564 8672 4796 111 3635 4951 6959 1108 1993 9965 1078 7677 8694 5161 5956 846 4828 5968 6355 4773 9666 5003 3827 8689 3564 9616 7329 1420 352 8708 19 
66 9265 7800 9350 1217 4143 4415 2746 8488 8596 4236 2833 7217 1246 312 1206 3594 8443 473 9460 8921 4338 8605 7382 7448 608 4253 4801 6134 3162 9270 2271 7119 2130 321 3134 5998 1551 8686 5652 3762 1649 7750 4375 3770 693 9523 2611 7265 3468 4159 7757 2829 2251 2429 2895 220 7145 3158 5154 3922 9653 1547 2625 6281 2537 2938 4117 4857 5052 2550 7772 3159 2475 4492 7377 9189 1175 8794 6445 5918 3116 7118 4047 9086 5534 7463 2618 6957 1439 4687 9235 2872 4530 7894 6219 5503 5409 5829 2228 
67 253 4163 3837 8886 7395 437 4888 4963 3436 6334 8151 7493 5313 3071 9112 3198 938 5113 9932 7494 1733 4915 9429 8468 1811 8264 3628 5505 3889 6624 2016 6459 3524 5328 9187 2507 6737 3912 3143 395 1405 9280 2645 6705 4080 9585 6798 8398 5819 7400 8779 1786 7707 8392 5576 6300 9422 6841 7988 537 7962 7297 1322 2269 7943 4141 6842 9843 5191 9338 9282 7228 3299 9430 1454 7847 8990 9582 6851 4585 6616 9618 1758 1125 6671 4277 5901 6700 7437 7624 7166 3293 5178 789 5099 8658 8999 
68 7275 7131 2194 9981 5120 7884 9620 5170 1267 3008 4664 1629 3283 8241 2904 1243 245 6593 7121 904 3990 309 3678 9274 954 9412 2141 1776 3485 8705 6428 8272 3085 4231 2043 4896 4330 4393 4878 1196 7887 2375 5643 334 3495 2470 8571 6026 9979 8871 7856 8852 7700 9475 1833 9369 5969 1285 2516 2191 9777 5386 1956 1929 4786 1721 6441 9018 7609 9837 1743 9046 9855 1083 3627 5734 970 5813 3669 6203 4041 1363 3763 8283 5124 9140 7241 7368 4380 296 355 350 6264 4403 9772 6220 546 2007 4637 2886 
69 5223 4333 4023 7104 2654 1019 7273 6456 9689 3908 3180 5953 9425 884 203 3525 2702 9891 1371 5983 2907 7075 1443 7633 8222 1103 1770 6137 1925 210 6666 4678 8576 2236 1238 9487 9607 4311 7985 9587 6335 583 9182 9321 3452 1815 2613 8985 2438 6152 5917 2099 8853 7976 8119 3297 9924 3516 744 2027 2960 5737 5482 1667 145 5977 4638 3310 8532 7054 1337 766 2808 7060 418 1260 973 9161 4283 2839 1026 2376 1070 4824 3429 4574 512 7867 4349 7508 4194 4445 5252 5043 9343 2037 477 3170 1168 5027 5010 1580 7410 9767 
70 6546 3505 6440 9285 9068 6761 2350 4787 8060 4267 9208 3467 4974 4861 1133 8847 8546 4218 6458 7583 9335 2079 8309 5554 6232 1879 5219 7854 4481 5927 8129 5776 3681 7059 7283 4840 9128 2763 2609 9672 2433 3315 5840 3497 5763 5414 2517 504 6168 8666 8866 6991 8606 5543 5004 1787 4095 1400 7155 716 2867 8558 2863 4029 6983 8009 2946 3175 1773 1950 1507 1816 6551 2941 9232 9993 4422 1827 9829 4274 5325 8774 3227 5209 7462 6827 8575 384 1578 3097 1212 3929 7636 7870 3147 2346 7791 4496 
71 7099 9773 6454 2705 749 8093 7351 9149 5136 1200 4973 2283 4774 5563 9796 5479 4245 8775 9344 9229 7834 3282 3219 3312 1286 6887 3356 4389 9686 7149 3783 8099 8652 6753 64 4762 584 5201 4802 7554 7726 8646 953 6103 4451 6248 2155 7133 9617 9103 5329 4756 9240 8189 9116 1931 9353 8291 3511 4089 4564 6542 1268 7512 3706 4436 4452 8907 5553 4893 3570 7822 6125 6711 2019 7268 5106 6728 700 391 5619 3998 8358 351 2815 2823 6668 2915 3519 9625 9623 3916 7288 4643 9219 8204 1796 2322 8001 4313 7628 6096 5355 189 9444 
72 5875 5259 3632 5352 8910 3651 3850 8718 8141 3 5986 5744 9916 7350 7056 4396 6636 5979 4062 1179 4192 9257 3006 9522 9306 9589 5817 882 2466 3740 4731 7652 7616 152 4252 9758 1300 5569 902 3741 6343 2721 4206 7802 8050 5114 3481 2370 4552 7203 5614 9823 6757 821 8615 7046 361 9545 6171 7364 600 6727 8984 2123 8330 4217 9158 8623 2325 977 141 689 4044 2874 4214 641 5832 1568 9400 5834 6245 8543 1701 3127 625 7971 257 6853 4336 9994 4526 4871 1944 7777 2605 2405 5256 8541 4859 7799 8328 3755 4177 6490 8870 2781 
73 194 4038 7995 7481 8483 2003 3423 5996 6065 8739 5033 6394 9680 9317 3585 5107 247 4346 3277 9816 8387 738 7504 3365 9127 991 2836 827 1575 9380 6676 2949 9937 4714 7505 1678 3049 6296 5229 8460 5297 3633 2049 9019 6321 3838 2318 6239 3979 6974 2650 4061 3169 4636 7565 8559 5974 4345 4741 4392 1570 1550 3915 2031 6469 3021 5645 1055 1345 719 3995 6997 5198 8325 7739 6236 1673 333 254 6044 3009 8400 1306 1452 9373 5551 7812 2400 7245 7527 5659 5146 5483 
74 3043 6639 3550 6995 7323 4947 3577 7401 8066 1527 3007 6094 3645 4766 8380 1518 9304 5646 4440 3660 9370 4269 7970 3720 7889 9547 4681 6962 4960 2127 4660 3523 811 8295 7954 1028 6256 2256 3242 7420 580 7419 1974 7001 2853 8232 3529 4048 3851 4826 2969 6590 6487 1511 59 7533 5042 316 3527 2838 8441 2063 6695 3301 9743 9010 4158 2756 9011 5997 8409 2947 5423 9239 7460 3956 1118 2939 35 5999 5825 1913 7051 7199 7157 5416 3105 6907 5085 595 6474 5478 6212 2584 5648 9676 
75 5626 4377 5306 1752 6483 9037 4922 7727 1367 2964 9887 2765 7897 8750 6340 653 62 8025 46 5966 2181 3237 6762 1885 710 75 6649 8244 5633 4287 8535 6472 5513 6964 2680 5865 6413 5378 8946 3056 286 5263 3364 6875 3131 5852 1560 7042 1872 6011 8353 6577 8579 7719 2371 1600 7928 2777 9806 7598 2454 4671 4842 5621 7826 612 1567 5282 7008 7638 7625 1704 7025 6663 5288 6316 6498 5674 213 3178 6933 4186 7200 2668 4684 4289 2636 8863 7337 1010 3815 2042 2717 4613 1222 6486 9259 1677 
76 6915 6697 5623 468 7502 365 3803 8500 5859 6272 7754 8317 2497 4596 4879 8665 9567 1024 7621 2469 276 1987 7923 6284 5005 132 513 1440 9267 8918 3496 2598 9608 9883 3849 3384 4425 4360 8611 5394 9822 8769 8023 2498 4544 5030 2604 3011 2443 8552 3286 8923 6881 2305 7162 3084 9184 4171 1402 1349 1204 4006 6899 8729 8578 4173 9516 1311 5448 1086 3280 2185 5080 1194 9897 1986 3937 8225 6718 5508 7803 4635 5307 3540 3603 1385 4017 6641 1129 817 7281 4024 9072 7734 8155 7980 7694 1223 136 
77 9473 405 5300 3157 3903 162 8810 2204 8148 5123 3848 6117 1493 6475 8962 4819 3406 5796 4316 5971 3214 1769 2877 406 8722 1419 4651 9389 1536 7215 4772 9147 4509 2364 4658 4467 2780 1862 6006 442 972 5964 1466 8637 6642 4795 8112 1386 2880 1690 8690 8273 5506 6567 5105 1764 4078 3087 9507 9552 2980 4500 80 7045 4366 1362 6597 9462 5417 6707 9246 2738 4621 7176 5740 8973 3370 9868 6790 3036 9294 8755 9702 7179 9154 6139 9896 7403 396 3167 8000 4432 6304 7968 4746 8044 1563 7721 2407 6776 4401 8662 
78 4541 5050 8617 5855 1293 3563 6560 9090 8883 2069 3448 7495 5462 4058 5372 1504 3841 2793 9153 5791 7517 7982 1990 7862 164 5453 4944 5365 2594 109 1073 2694 2467 3061 5886 9152 3142 6679 0 3537 4904 5218 8413 4096 1762 2589 6291 644 8046 5472 2760 5469 3309 8039 7344 5723 6192 3489 2729 1631 7234 4251 7205 1110 4107 2616 9622 1319 3817 2697 6052 5102 3292 5586 9115 7774 353 763 7325 3715 7876 7567 7696 4680 5461 1947 6196 6874 1434 1935 1801 9016 1513 3439 5032 9501 381 5009 3560 6430 639 7043 4542 5093 2348 
79 1817 7604 9808 9107 4633 3959 4891 5676 2347 9001 2916 1582 8031 5449 1861 399 9557 4744 8045 4295 4466 2189 9247 5842 6274 3135 692 7672 1192 3568 7034 6701 6022 8842 2213 9248 8846 6934 2119 7741 4109 8954 4934 5945 8961 1519 6333 4423 907 1590 6825 42 4954 3247 9378 8368 5235 5420 4549 3954 8064 932 5933 6998 1323 7454 690 1350 9922 9832 8042 17 2015 3800 5363 8641 4682 9851 9564 7611 9600 1326 1406 4014 2080 5407 6831 4140 917 8706 1836 1227 2233 6620 1487 4709 6067 3796 
80 8817 9655 8174 4073 325 9531 1340 6965 2776 9886 3556 3217 5748 3946 7773 415 4487 282 9136 7253 8118 1152 1985 7172 3444 7111 4988 6222 9316 5580 6270 8249 2382 8797 6165 3605 5655 9821 5432 9217 4606 7857 4576 6013 6327 1909 2307 4692 3671 7591 5383 4649 935 1591 3513 2245 3250 4435 1479 65 7189 3206 520 7452 6683 5389 8572 3941 343 7414 5846 2862 2972 4725 3052 272 4641 328 8474 2182 1288 3600 9726 2100 9950 6194 8101 1703 9512 2881 6932 6845 5367 7014 
81 2059 7327 3267 6098 4657 1889 6574 2662 764 4886 2220 550 4025 5871 5021 6481 6002 5424 7328 4051 3424 8496 865 7367 5854 3934 273 6688 5531 1955 3906 9221 1680 6758 1726 8208 9559 8158 3229 5993 6198 5166 3319 6599 6922 9047 7474 139 7112 4538 7702 6241 926 2520 2021 5117 7733 9735 830 4936 6455 1936 385 3546 6357 3408 5179 9561 9786 2894 5673 7123 1111 6628 8876 8108 7343 422 1834 4628 5804 9803 2701 4993 6525 8768 6866 7021 7513 5087 6937 872 2804 9091 670 5613 5404 4296 
82 9549 4088 2484 3636 2458 4839 9183 5722 2295 108 8725 9143 1660 3216 1982 4115 4011 1850 6901 4027 2754 1130 8230 6478 8728 8487 6238 2449 9082 7013 2976 1287 8305 2398 1777 5677 5138 9982 7137 9695 871 8911 3985 2435 8021 4669 6005 9027 8599 5603 6685 3780 9325 3212 5492 9566 9302 4264 3587 9261 4443 2030 7003 8261 5575 5700 3953 410 2062 7682 5203 9212 6082 3376 6181 2018 2156 9043 878 235 7605 3287 3572 535 3381 6211 7232 9828 4916 1991 2462 
83 2592 7010 2215 1411 3073 5360 3545 4134 2606 9846 6854 452 8221 8239 6541 4518 4410 6043 536 2173 7195 9866 6714 9840 9685 598 1321 8593 4654 1011 4459 1259 375 8574 9847 7478 464 3284 5741 3510 9835 5827 5122 9594 9530 2092 8632 7136 2183 2486 8297 5165 2074 5923 8195 1544 7693 8914 486 1626 7937 1628 8448 5845 2329 5622 2199 4882 4933 6215 747 4329 2057 4614 1334 2989 2612 7002 699 5433 2861 9492 8345 4086 3441 1951 4547 2982 2687 5264 8013 2820 4999 
84 633 3166 4209 9135 7688 2317 8683 6682 6938 4055 7386 417 7374 9794 4273 9253 4135 2967 3672 7212 3305 9131 2539 8944 2547 1153 8533 471 6132 4520 5274 8803 5007 784 3026 9477 6297 2727 1050 2110 3072 2339 5036 2129 9729 2264 3653 5718 6515 1279 6390 2818 2356 6721 2239 2785 6830 9684 555 2278 29 8904 7518 7701 390 4539 5711 2064 6411 7434 9644 7321 295 3389 2401 3567 925 181 5189 4221 5850 4232 4981 1882 52 7258 7366 2388 2402 8198 7196 6634 3027 5162 5293 5395 1805 1616 8335 9132 1470 
85 6968 4644 6672 1039 2235 8503 306 3197 1377 3579 8624 2201 1122 2936 5631 8137 2928 820 6451 7466 8925 3781 2586 955 8382 2383 7375 3465 9201 8197 2677 4855 8825 556 1798 1922 691 1468 621 1754 5583 9061 9078 6708 5425 9081 880 6275 9814 1601 2856 7711 900 425 2999 2145 4846 3276 9020 4864 134 1838 5371 1804 6669 2315 7154 6452 9764 5788 2666 4127 2276 6884 9203 3067 9442 1940 9213 2 1180 6077 8167 9216 5217 2844 6237 1755 2601 393 8649 3132 2791 6603 8124 2108 2775 798 3493 3742 1835 6470 6346 5284 5976 6144 
86 4838 7865 4531 7236 4900 4699 413 5119 8356 8792 168 1255 8209 2171 3538 5816 1432 6765 1542 5952 826 4494 5272 901 6582 9022 3427 9980 9279 6401 1853 9284 7057 2935 2966 839 4216 2817 8618 906 2358 7763 6078 7542 8699 9754 7220 3140 6534 7020 8737 7646 7654 4439 6644 6594 2876 668 6404 4136 3133 9211 2961 7553 6468 2882 5421 5657 4629 1802 9089 78 9233 1564 1344 5527 5794 2205 4421 2742 3020 4081 3820 2948 4868 9175 1820 8799 8843 667 6698 3014 1241 9251 3329 5663 
87 2734 7886 5523 8286 3679 8519 4932 9159 1496 9050 1328 1750 4325 4018 801 7193 1463 456 7492 7662 1023 2450 7718 4053 3509 1969 5158 4489 4869 7496 1874 2083 6988 1433 6834 5919 9904 7346 1272 6156 8065 3115 1494 7582 9402 3920 8219 6136 2860 5717 6980 7178 61 1482 7064 570 7187 9476 7248 8206 3951 1851 1868 1720 4559 793 7663 4376 408 4312 9797 6681 2328 2652 4971 9214 924 7730 4989 6161 8747 2868 9035 2380 3855 5799 7101 6631 87 9435 7931 4874 1933 5268 752 8172 2434 6195 4268 
88 5549 7990 4099 922 4060 1609 9166 9787 3015 1166 9385 2423 8932 1549 6185 3128 3792 8367 6419 2343 5253 5637 7340 9272 462 8470 8386 5303 6764 1643 9543 7416 4129 3239 4548 9918 4734 824 3891 4577 8156 9654 2026 1910 3869 1245 3279 5560 2316 4850 2474 4131 1042 4121 27 8626 9956 3871 2313 6485 7269 4619 7404 8082 7670 6115 4223 6653 5053 1058 4945 881 7427 1014 7052 727 838 9263 6779 2977 2748 6826 5844 863 6791 9599 4142 9121 3202 2044 3667 1911 4749 5312 7653 9397 3944 1597 8236 3571 8790 373 5254 4246 3404 1998 
89 200 2794 2798 4727 2128 1029 8253 9303 577 4565 7841 6124 9593 4652 9286 5338 627 18 4894 8029 303 8967 5936 3647 1981 2226 6940 2704 7577 6128 2801 5775 7482 629 280 4470 3100 389 7780 6981 6438 1161 1688 6259 9416 9717 3035 8224 7498 9766 652 48 5828 1258 6290 5234 2451 7153 4175 2891 9700 3948 9478 844 1907 6549 4203 9572 4108 6814 93 8937 7011 8583 1657 3522 3877 7989 9237 1829 4464 313 7883 7893 7093 9701 4004 5336 4372 578 9770 2390 95 1177 3472 5377 3094 2744 7471 
90 3420 5929 9324 7612 6787 2981 150 2232 3055 8922 6870 1368 3291 5878 5373 866 802 8056 2567 1676 7722 8549 9511 1506 9739 833 8905 9439 9123 3751 7782 5317 7959 3574 3224 7569 1049 9176 6332 842 2065 2978 2087 9349 4754 466 903 6993 7514 1634 2858 9006 9716 5091 8252 3565 3430 7125 7639 8302 3607 7530 4174 1187 8939 3377 5731 1113 2706 9529 6559 8830 5550 6148 9234 3704 4822 8879 1148 1429 8713 7680 5833 6598 2008 3625 543 2190 4924 3298 1081 8435 4513 2041 8002 915 5732 3256 2835 6657 9586 7759 2737 
91 5426 1962 3337 3353 3601 4689 9749 6524 1348 3111 6793 9095 6889 669 1607 5376 7197 1826 7378 919 8343 3786 5016 9635 5456 6205 2164 1807 5694 1013 2397 5026 6482 7290 5709 8423 5632 4012 979 3966 1038 3967 8316 5835 3417 6271 7080 2958 5906 3829 7435 722 5385 5662 9164 1900 7371 8752 4865 6945 9126 2974 5564 284 1315 3878 792 3190 9757 3422 6426 8991 2266 8179 2857 2140 967 2530 2590 2134 2565 2014 2922 7635 186 7497 9024 7706 7309 8492 5238 6976 9150 3252 4885 7173 4417 9417 8527 4630 
92 7177 1224 4124 2039 465 1480 7372 8548 4272 8485 6123 7713 3090 1561 3602 1977 5572 7035 1719 2009 8573 2452 2417 3617 8523 9008 4931 483 2558 5130 8177 3699 5630 103 90 524 3476 5442 6591 7109 7128 9748 2314 4969 2828 6228 120 5935 4955 1274 567 1558 5464 4119 1766 2290 6381 4094 39 2580 5590 2058 2792 4 5934 8213 3616 9099 3201 9030 4522 8411 3311 4185 4248 507 4726 5180 6569 4940 8184 4558 5666 423 1682 8080 532 5035 5726 1149 6279 9500 6953 7736 6989 5989 3548 
93 2482 8592 6302 9202 2540 3862 6489 6670 7440 6084 3484 5357 6838 3432 240 5656 2764 2811 7407 3887 5862 5552 8926 5068 8326 3393 5987 8757 7322 2515 2306 7764 68 7907 2445 5321 2086 920 9329 3220 8322 6630 5634 8416 7083 2850 5628 5322 9215 4138 3900 2274 3040 9724 8696 3772 4046 5185 9895 9756 1100 657 6784 1444 9532 6206 4211 5573 7383 4307 9375 4288 4276 8424 2903 5374 5112 9878 3923 7613 1205 7839 9144 8274 378 133 6502 4605 5049 2200 6782 1330 7235 15 3626 631 4990 
94 1841 7919 2931 9911 4381 9910 5594 1512 8072 8987 1318 1883 1988 6058 4545 7333 7066 7599 14 5115 1581 383 7438 1652 9456 1074 2284 6400 5507 4021 2170 8449 2180 177 374 4537 4745 4151 3559 2932 4805 9834 8357 6733 5047 3108 3412 7958 8465 5155 4040 5557 8440 4322 1908 6780 2923 2207 6221 8761 3188 1403 4817 6330 3724 4923 4935 9457 5144 8181 9118 1846 7100 7390 8464 1107 5653 2832 9998 2175 6303 7501 4516 3102 2372 5216 4847 4148 4405 3415 6110 2373 
95 446 7860 632 5174 1779 7544 5982 702 5774 7837 3852 4593 7559 5636 7331 6423 8314 8260 2138 610 7379 2819 6540 7751 1244 1040 5566 4984 8888 6377 6633 3658 6107 246 3928 876 8276 6879 2552 8919 9031 706 9088 4982 1832 1725 7385 1894 898 1891 5903 175 9862 8125 347 2143 8920 127 2787 9113 2626 1948 6186 9327 4663 9578 2227 7627 8097 3963 8741 9940 1373 7796 6650 8851 3719 1104 4168 5745 7353 527 5331 3748 7301 8540 9603 7981 6902 1679 9218 519 1354 7429 8640 2942 4986 9977 7519 8935 
96 5364 7921 1978 4554 3050 6726 5810 3334 4620 3898 8822 3361 5857 5060 5431 8091 222 5578 6418 9768 4015 8674 7909 2825 1346 8486 2333 3673 5428 8258 6713 1644 2308 6422 2979 8199 2994 2998 44 6566 8942 1164 7227 9513 8298 2887 386 6021 9197 8251 7939 1529 8034 3274 9345 7479 982 449 2555 5839 2046 339 2054 2674 9903 1193 380 3639 6269 680 624 9254 3107 8854 3401 6262 9968 6939 2476 7 8622 9852 5430 8896 8140 6059 7081 8415 1639 2394 1211 1034 4082 5779 5612 8111 9730 1919 8068 6795 2167 1705 1548 1579 7388 8526 2919 3554 
97 9836 2551 1926 569 1784 7015 6522 843 5457 3394 8011 942 2885 3819 1656 8143 1141 8055 7573 2575 4582 9014 5873 5782 9510 739 7076 2728 3048 4351 3710 346 6113 8679 2085 6420 5698 2001 3732 4003 642 6530 1183 317 6367 510 3487 8518 7077 8731 1888 4583 4495 1302 8998 7464 3962 4911 8687 1290 1587 1150 311 7868 2384 6517 6678 6344 6049 3870 60 5675 4698 4568 9741 2301 8913 565 3725 7900 7637 3506 9255 1031 7413 6583 6578 6979 8360 3091 988 8194 1995 4622 4753 4202 3584 5585 5593 1393 1467 8207 5588 
98 3921 5147 7392 8522 3456 9162 4939 7053 7869 9763 6465 3957 9034 620 268 8120 6861 4909 140 1928 8692 7412 5326 6473 227 8544 4902 8525 9109 5510 8795 9447 1458 3498 3768 4353 6972 4608 3721 6453 528 3241 9798 582 5239 5512 8643 8603 6961 3988 2461 8369 1822 7041 634 678 3622 1410 8267 9892 4956 918 5856 2655 4765 3566 4975 3765 6030 5672 3398 5318 2502 6702 2538 7586 11 5602 7788 6431 602 5899 6647 9542 4965 4510 3722 1707 6585 4807 9471 2060 3553 9688 2050 7794 2107 8839 8171 9165 7716 7092 8815 
99 4239 2217 3810 2834 153 6916 5915 2252 9346 1045 5863 6308 2117 9415 4647 4830 8275 367 1342 9484 1502 5248 9970 1301 2101 3905 9971 7070 1008 1824 9961 8598 1592 6395 1906 5747 816 9377 1659 3141 1226 5298 6538 4065 7960 3207 2098 5975 4225 376 7421 4877 1477 8974 9984 128 1376 9732 9989 76 8074 2311 5768 7316 2292 3449 242 6283 3492 2369 660 9194 5724 1760 4627 2230 7926 8373 8131 9337 4399 7644 441 5470 9923 8420 2257 1412 2425 3103 4803 1973 2739 4958 144 
