100
0 1368 4227 6614 8949 6779 4048 6052 6045 2334 2594 2482 1725 5246 677 3511 5136 5469 2978 7013 2340 1208 5561 7301 1512 2509 5820 5675 2288 1137 2841 2045 
1 9903 1403 430 5519 5361 831 5515 1572 7269 3198 6890 8620 1581 2758 950 5865 6649 1089 398 6981 3996 2226 5508 600 7292 9356 9030 2773 1060 2308 2329 2908 485 3394 4334 2042 1290 
2 5497 589 774 9430 787 536 1799 2916 5693 633 2391 9476 3919 2607 4512 9623 1829 718 8066 6684 3142 1073 1462 756 995 1506 8567 2532 351 8933 1363 1032 9732 2208 
3 179 260 1389 212 8795 372 1883 7831 851 617 284 208 1837 419 256 631 6356 776 3811 913 1514 888 2582 3160 582 449 1049 5286 1140 240 1549 1122 
4 2132 1843 1956 2706 511 2098 3056 7687 941 8401 9493 2052 2791 6205 7287 8518 8428 7122 3946 319 3175 5196 818 2894 908 562 3654 3420 2436 
5 4638 696 986 1953 8740 1871 3167 965 2050 3065 9459 1764 863 742 3443 1002 6804 1753 2867 1316 1493 1379 465 2234 853 2298 1662 3363 4982 
6 1618 1636 5824 7090 4988 2176 2291 332 529 3498 1419 949 1235 861 802 4793 805 614 5082 7742 293 6178 717 6702 2004 4881 884 1855 823 525 2471 824 1375 1085 1226 3066 193 
7 1680 6208 4900 1322 6675 358 587 1754 457 8312 1758 478 1133 664 3022 1896 6723 3448 1689 127 2079 2652 5267 2358 771 639 265 353 320 2785 3840 1484 972 598 1434 1315 4371 
8 3450 4703 8621 2061 5310 2572 6242 2445 4521 1377 5367 7597 3528 5302 7879 3765 4113 1440 5247 1189 5530 613 1134 6938 1468 918 3958 1388 3912 8306 5366 4589 2241 3747 8734 3961 310 1679 3467 
9 7627 1847 8543 7492 4605 257 1782 3073 2366 856 8673 2183 1054 1236 4056 468 1364 672 2307 4647 506 971 6969 4364 9446 6700 1675 1623 2991 9347 1728 3107 1001 5448 4803 
10 2628 9086 5638 1041 476 2838 2932 371 3593 7345 6790 2692 1286 7756 1324 1424 2088 1660 694 6252 4602 5463 4779 1392 3890 361 2209 2466 9948 681 1848 1611 1048 4985 5926 3477 
11 670 902 9770 1629 75 9088 792 61 7607 11 4952 387 89 246 229 12 1599 1595 647 1994 641 8122 2 64 7167 76 376 680 692 165 45 998 2060 
12 845 288 2177 7399 2961 3955 826 521 1476 6907 736 8989 1121 166 1327 1426 3379 2697 4181 735 1038 4738 1613 773 8725 2902 7142 4336 6321 1657 295 1146 382 517 4500 869 867 7929 
13 1156 1948 1677 5834 1152 885 1105 1686 2664 4477 2579 3700 5120 1828 1271 3989 4162 6480 5604 611 3648 4482 606 4319 4001 8116 7325 4350 2142 7658 2282 
14 807 6612 1338 7279 82 35 1106 584 3724 2319 503 6463 1747 4493 91 3148 67 3643 666 185 94 163 1459 5769 990 2115 7460 130 144 245 1813 252 285 
15 2195 721 2644 571 2251 2240 772 354 4184 1607 6043 2638 2099 2650 5195 9957 2000 9019 9763 4511 72 561 1697 1568 5620 1361 3941 2643 504 8917 655 687 451 1384 1766 7585 
16 2385 8365 3502 1210 1332 9295 2522 1979 6450 2156 5792 8875 2048 9471 2967 914 6097 6696 1963 8938 8427 247 3943 5417 2078 707 4514 7774 4597 9872 4930 1596 3178 3660 2112 3759 1428 1447 
17 6817 4519 8016 5365 508 7648 3098 2187 7211 6144 671 333 386 1620 2538 2732 4915 4427 594 458 532 4221 969 2238 959 2131 8296 491 4030 1863 1253 1110 1088 9993 
18 1687 3626 4781 8703 362 6787 7557 6475 2929 1243 1222 2146 2680 3000 4854 1604 925 6552 8100 8360 4211 1718 3557 1949 1259 3036 5576 3688 5421 3116 585 2036 865 3480 984 4558 4102 2651 
19 321 1570 642 2403 214 702 537 298 2364 107 192 1582 1985 8429 544 2777 804 3487 195 2144 454 2987 2041 5910 1171 1702 190 800 625 2599 5182 1081 158 685 4291 895 1437 303 
20 2287 5137 752 6267 3349 3871 866 5722 4801 6150 816 5041 1640 603 2405 1427 297 944 4117 4325 466 367 1256 3008 3092 716 4187 9784 
21 461 205 1312 1810 1510 755 403 768 545 7050 1554 4362 1350 274 3158 99 4097 37 3426 1593 1907 2345 841 7569 751 8809 207 2469 325 1023 6038 868 221 3507 494 887 3359 2955 
22 251 83 5817 1393 136 714 5848 271 1258 6357 1366 299 7792 1251 392 8241 276 896 123 1373 405 6961 4716 5435 236 279 7231 1734 199 3574 5797 514 653 725 
23 4245 9275 1553 2279 418 9248 428 4769 2661 2914 1215 1600 6063 3519 2784 2295 3527 2225 2831 4352 2224 6110 7336 3238 3200 1108 5216 1872 5934 7796 5945 935 2296 
24 97 1 842 1767 88 374 281 28 6176 3446 3047 6 186 140 1814 21 50 6405 7258 417 592 5960 1555 66 2654 1298 8324 2972 2033 8334 139 1221 
25 2546 9677 1293 1490 1859 2191 6943 2494 5532 577 3262 588 1637 4911 2947 8243 6813 3251 2794 4724 3880 1482 6115 2725 9274 1261 3717 2464 8888 2587 2790 765 7242 5482 3483 
26 5233 1179 4909 1458 4046 3269 2122 1125 1755 839 336 1920 6024 4617 1560 2137 4014 5552 3580 318 1960 1008 160 1100 2401 7216 1619 6386 890 5381 
27 128 227 573 218 338 2020 40 4331 350 5 31 102 47 7086 892 1857 825 833 331 77 119 7913 39 983 322 172 7 36 421 1227 1155 2304 355 2780 
28 2249 629 3764 1612 161 551 9974 3827 137 453 326 270 1627 143 6424 44 34 4111 510 383 513 793 1104 982 177 565 337 1768 3383 343 559 2339 899 3441 850 4977 
29 254 2337 530 3614 154 847 381 178 1007 490 2498 433 1647 7858 720 95 411 6298 317 1715 53 8 456 471 482 1077 126 1583 621 968 
30 3271 3927 1026 2302 8390 750 2627 7129 5760 2563 569 1475 6682 1651 3913 1923 6169 580 697 187 1033 552 1192 2114 1282 894 1281 2347 8423 678 838 5210 1674 2941 3870 
31 305 170 6896 3884 7342 342 135 509 533 5022 1014 301 661 1395 7509 356 2336 4098 204 9360 243 1442 604 3293 730 9890 8025 33 840 2533 307 3740 1139 1042 464 2258 1300 6163 8332 4347 404 
32 1414 7170 6382 1614 2184 9073 2746 1741 3973 6188 3131 3338 9414 876 684 2064 1603 1635 648 605 994 8322 7922 1198 6055 4390 7384 5838 9837 3110 5921 
33 1257 2624 446 2862 5492 132 9896 3600 1224 1059 1365 3609 4820 7208 1486 162 1889 2514 378 282 4032 1438 1357 665 1954 757 1990 431 483 441 9140 1807 3686 5150 9572 5860 2848 3097 708 
34 4104 1378 264 550 1866 2986 4685 8076 4474 3768 6604 437 2619 4133 909 936 224 329 175 760 396 6571 73 475 4895 1587 860 4596 688 2593 608 8355 1700 434 8806 196 118 442 2153 
35 8973 7718 3236 1752 7970 2239 1909 5221 6012 4164 953 1504 4613 2516 2581 738 1842 675 4435 4551 8450 8315 4207 5158 3020 7709 1186 3190 2681 8991 566 4710 444 6059 9713 
36 292 2360 469 988 1201 6022 4674 4040 1592 1206 1211 535 5545 394 334 3328 4172 4047 574 2506 4523 3053 1413 978 2933 1682 1650 1115 1528 328 9933 
37 4848 6031 848 5429 4752 1590 5222 3548 1576 1296 3500 2983 1021 1959 1748 7367 2096 1097 1207 3950 1027 1709 7791 1811 6630 1579 9843 916 1136 1278 3715 7984 
38 9711 1606 1937 5472 1329 6037 1844 5144 3144 5419 9320 5512 6394 2095 2220 1530 6990 3332 2518 7253 676 3471 1135 8342 8297 7459 2567 999 7975 3323 1615 3457 9138 
39 1854 2503 1927 2383 2125 2143 8735 4341 1079 4629 3493 8000 9878 5800 1111 6949 1109 2332 4768 3080 1098 5480 2798 5305 5895 2898 6042 1086 9420 7104 5546 1839 9208 6325 1520 3318 3182 977 3389 
40 7143 703 5679 3513 7567 2411 4260 710 5725 1124 1565 1036 507 2842 7003 9259 1860 4531 6106 2925 7860 1654 1804 2734 5558 4907 1408 1561 6502 5771 2816 4355 6493 4005 2744 1930 1184 
41 2886 601 6154 1230 1987 4168 6662 5521 7288 2277 6593 6776 2489 2007 5021 915 7392 5494 1382 2289 2865 4712 1861 2120 393 627 555 2636 2550 
42 263 5264 2695 652 487 477 5255 9013 2425 5539 5169 145 9175 917 7699 5385 540 5011 314 1346 3324 3829 814 7951 1147 6050 5364 5861 1182 5434 2717 2313 1917 7360 
43 6818 9373 3984 3292 262 2658 1886 3199 6105 5236 1131 828 4262 5841 4021 4490 2669 5971 9128 955 3535 5977 4373 1841 4538 4372 1744 1585 797 878 7112 2526 1321 1876 5661 4247 
44 1449 373 5742 2979 9386 6629 522 7411 3298 4274 5666 1933 8739 7051 4378 7905 747 6820 4533 700 1376 789 1904 1070 5105 5197 5395 1020 3312 930 3970 5123 1881 5912 6402 
45 3458 1150 1865 975 7971 2968 557 8103 6785 7590 2576 4299 980 4271 4657 5909 2254 488 7956 8766 8729 7040 4850 7062 3815 6149 2913 2819 1750 7055 
46 920 926 415 323 501 9561 8185 106 233 2355 289 539 1255 1663 112 1925 1212 87 13 223 493 198 5418 2021 906 113 8405 168 211 
47 618 3624 1102 2824 659 883 98 231 26 701 2751 8457 2666 5540 626 689 8906 568 2551 706 109 3380 2722 2155 1249 6653 1005 157 1472 2196 348 5990 2264 3106 
48 9 5728 2863 25 3692 124 96 4821 79 1371 2825 8616 2920 1260 2988 315 1653 6336 300 8326 357 9433 147 5547 389 1344 330 3561 3825 4476 3019 1765 6227 176 583 138 
49 6200 294 546 1496 1522 862 412 634 7214 1500 732 8605 43 2309 225 339 409 1738 52 306 1698 3370 384 80 63 2492 2934 2152 901 2513 
50 24 5242 447 854 122 379 3611 1902 889 640 1688 269 150 5513 29 7315 10 17 1162 1090 5295 996 1063 693 8019 3229 5850 1978 4183 244 612 120 
51 9234 8783 4705 788 4606 2410 1989 2420 6237 3924 3824 1491 1602 7694 3634 3218 3734 5230 5031 3084 9213 6211 1982 6877 3708 1159 3804 7404 7140 8132 5501 5534 2500 2826 8513 910 3390 811 1921 5603 5659 
52 4025 6514 6001 2190 3761 2327 5625 2702 6171 1465 2165 7895 1417 2164 1899 7307 4421 1012 2235 2566 1805 1096 1469 3615 5662 9832 2512 9946 4495 2162 2523 1643 1094 9913 4277 6376 4130 1714 8955 5851 
53 5010 1053 93 349 1701 8899 2202 1729 1626 62 213 1601 81 1165 593 2203 727 2049 420 261 512 801 1571 602 7605 4599 835 
54 673 954 2281 167 2851 662 931 5427 7891 933 3256 1082 8224 5877 1163 3971 1511 737 6734 424 904 2682 3392 4150 3799 790 2354 992 480 3285 2392 2700 
55 939 7726 1250 704 836 2847 2975 1731 1025 4723 4885 7681 2233 2092 287 806 5273 189 505 1127 7501 20 2726 4478 286 65 6517 7363 2985 5312 335 8008 733 2126 370 346 268 6887 1263 1502 3774 3244 
56 2598 520 5339 3442 912 275 2939 6190 1723 2659 3186 4339 2497 6462 1205 6983 5358 1288 1074 435 470 791 397 7099 1334 1457 1597 1309 1284 1065 6379 2076 2148 9543 3756 
57 2684 5020 1099 2212 448 9357 6438 360 182 723 1461 780 131 296 541 1272 1721 4632 4914 8692 962 3881 4757 3013 1867 2087 5447 3424 4560 1489 4044 523 2330 4656 
58 3773 174 4539 58 6756 712 171 460 4788 4417 51 3794 3516 1228 1149 3127 745 479 152 7064 4672 3125 2300 1191 4667 1742 364 146 1545 3987 1665 1534 1283 9894 
59 769 8601 6408 3843 6238 1429 1264 1566 2479 2980 1412 8146 5173 5459 6676 7805 3908 9137 1480 6246 4646 6036 8138 3226 3962 3101 2948 5333 9412 4913 2956 646 
60 2025 1148 1304 2160 1128 8743 753 5269 4837 1775 1513 1756 1988 713 3484 1912 813 390 3387 3181 7295 4413 5554 705 238 2573 7337 4742 6307 5616 259 3616 2169 6848 1161 3005 942 6047 9271 3235 5985 
61 2312 2117 7990 400 8694 5969 5822 1772 4883 1460 3330 1017 1706 5148 1143 1467 5751 6202 616 408 2694 7732 3104 1160 1348 6596 4819 4065 6180 3888 5789 5091 9305 6769 
62 5014 2091 1610 1051 2951 4089 6044 498 2575 1826 650 1213 3604 2853 2743 1246 500 8480 1672 3246 380 2565 2106 5626 7624 6558 2292 9676 798 3384 2762 1183 9502 4532 5634 6668 1310 1173 7117 
63 2178 7820 5127 3100 3249 2158 6549 1397 4259 3642 255 3935 401 1223 3320 6879 2683 4450 1052 3412 5489 997 5779 638 8947 4540 2359 1218 1303 958 6383 2811 1885 8773 3494 907 4497 709 
64 6643 7192 2406 3972 5034 4938 6992 2568 649 891 1518 1062 1396 9400 1410 595 1380 8520 3369 5621 2147 1398 731 542 7518 3171 1318 5686 2072 5893 4652 1367 7482 7594 8034 686 1958 1737 9584 
65 6411 3126 2465 3545 1743 4079 1628 7047 1450 1524 6726 6570 1337 9582 6830 3549 6759 4750 1542 2171 1234 277 2089 1247 6431 1616 8417 313 4112 1690 3410 6577 2478 3767 4178 2818 
66 4129 7437 2219 1806 406 864 1141 1922 556 280 1340 6980 979 3374 9277 2447 5754 2037 2959 3639 1164 6946 724 1387 531 2710 2849 9500 385 6539 7267 5823 4964 1783 3537 2274 6656 8751 
67 1119 194 775 8150 2266 1072 981 344 250 9134 4063 2193 9768 7463 253 3797 8006 746 9718 5108 1788 7893 309 3573 1666 2380 3203 3350 4773 1873 871 6930 3514 3975 
68 8733 4138 5350 1130 2657 173 2517 273 2942 222 217 635 1407 1071 8466 6745 2378 3603 658 1888 9355 1087 203 9710 5872 302 715 1577 528 2398 1992 3591 402 197 5582 554 
69 1499 8180 3520 6767 1446 1061 8004 3710 489 1266 3169 4734 1800 1935 1961 5241 3452 4428 669 782 2919 744 4763 6290 9565 1732 3608 3204 873 1875 2448 2305 4834 4828 5896 3846 4342 6543 2616 8271 
70 2093 5478 2950 607 880 923 1245 4218 1019 4676 5444 1295 5973 2547 3687 1708 1999 6832 2116 855 553 786 9716 1950 200 2121 524 3124 1117 8635 2413 3926 1789 4609 159 3931 8030 
71 651 663 8088 84 4370 2665 15 4 3003 164 55 5275 443 42 142 2477 60 407 4148 327 473 19 49 414 114 210 30 103 6018 739 654 6005 151 1746 228 970 534 1066 104 1091 2591 121 184 859 1671 3684 
72 1190 6979 5038 1126 4973 5845 7961 4404 2815 7226 9868 4188 2859 3398 5721 486 1351 6087 9559 8965 3839 1144 9206 5916 2119 6786 3402 495 1942 3162 2595 7165 5125 886 5177 2063 5181 8299 2181 1694 6158 2433 3046 
73 4665 5440 674 242 7159 527 312 2451 1827 9212 2748 5584 1641 2053 3702 1824 4572 1845 3791 6905 4719 9891 3303 1068 9512 8343 3818 
74 819 1964 2457 586 6111 5063 1064 432 2765 7723 4510 1539 4498 4624 9090 567 1667 9505 4100 4960 5346 1898 3119 1113 785 6351 619 1000 8853 843 2609 660 1962 3248 5526 
75 4778 492 5752 1244 543 778 108 4661 821 1642 1391 266 149 1080 4847 388 690 359 1307 239 455 1573 220 2207 481 9081 2351 929 1762 764 6165 
76 7238 7032 3659 368 3128 2709 54 304 484 4552 628 427 3887 7660 1279 459 1947 2612 502 18 1906 5376 14 1084 5060 1501 4917 1401 125 928 3895 9322 8015 8834 3635 1836 5313 
77 645 924 90 3153 1267 564 943 117 6600 188 116 4363 156 5832 4959 1608 7156 347 3981 964 2629 1439 141 1199 463 7074 201 4594 
78 759 4278 1710 3900 3274 7818 3735 5278 6797 1185 1352 3923 5782 1030 1058 3123 2232 9306 4343 8476 1574 2010 2145 879 5218 9660 4607 4254 5404 2342 1498 6049 
79 5795 2247 846 4244 1035 8486 9225 5791 5617 1015 1214 3243 898 1116 3632 3417 3689 8055 1681 7676 2268 3842 4974 1477 5059 8660 1704 4023 1452 
80 7884 7155 3224 8168 2205 844 3088 4468 2003 7283 3070 9675 7593 1563 734 2271 8010 4466 4241 5875 7304 8388 8442 5759 3223 6686 2261 548 7094 6658 1237 7147 3239 
81 947 9269 3933 1444 4423 5432 474 3492 1187 5225 2686 1287 1132 6715 3419 4401 2719 2549 1823 2882 1887 6631 911 4879 5939 812 1787 1009 467 3921 5051 2486 
82 2356 610 3536 4659 5403 3893 989 6716 6027 6991 1188 4797 340 2427 9246 3618 324 7417 4429 3149 1759 2937 1435 1983 5914 4612 2014 2735 948 410 2705 7677 
83 5767 48 6795 2168 439 581 69 6997 5644 1151 92 945 215 452 2873 16 3696 810 729 2250 115 9132 2455 667 763 101 23 375 134 6417 426 290 148 549 919 
84 4193 2843 377 100 219 241 3180 1703 5652 129 1078 1803 932 599 1037 1638 3221 809 3560 2348 3281 235 766 1776 249 1463 1233 86 272 191 1456 3621 
85 2460 3360 6229 4105 643 1516 1996 226 3076 3170 6407 2604 538 7867 4545 5074 7964 4109 1453 3085 761 4060 3602 4471 699 794 726 3275 6729 6304 
86 6697 3699 8488 1011 7387 5294 3790 940 3563 961 2444 5167 4120 1685 1333 3861 1900 7373 2564 3447 1114 1658 3455 7133 2374 1548 4918 6100 946 258 6580 1445 1529 1696 3741 1793 2214 679 6698 9514 3849 
87 591 1503 1692 4411 7549 1774 779 3002 3598 5141 7408 5560 8860 1319 1356 5304 2379 874 2167 1302 698 4697 2199 4237 2965 8749 2737 2922 2590 3071 4281 1727 1809 
88 3730 4051 6137 5005 1532 3194 9040 1515 2552 2408 4090 9556 2739 2493 5140 5929 5811 3201 4070 5688 2285 1525 1850 9043 3406 3586 2011 4704 1822 3638 1656 5959 9542 4171 
89 9547 2878 1311 6359 7702 637 1039 1562 6504 4151 3357 2860 2172 6874 952 5235 5847 7798 2741 7553 6589 1386 6531 1971 5627 590 1317 5357 2244 7266 8978 
90 3423 1678 3866 3883 1349 796 570 1967 283 3552 6481 4880 1402 9204 1169 1869 3222 7328 8395 7124 8969 1832 762 436 3778 7088 934 622 1779 9986 2626 4835 2371 1745 900 8402 
91 1932 0 445 59 1142 8585 1474 133 438 4581 1166 644 425 7135 1567 267 70 22 248 352 7600 68 105 46 8438 4131 183 
92 5414 5046 8738 8600 1558 1265 8414 4460 2428 5359 422 1884 1473 2556 4548 4577 4366 893 1029 9455 1273 4313 615 1916 9165 2071 3489 6915 1541 1862 6459 4841 
93 1436 9798 2844 6249 5027 1816 2333 4807 4335 3488 6783 3532 1621 3282 1421 1951 2809 2924 7243 7414 9803 9351 2133 363 4016 4680 4501 2889 7495 8421 2419 3540 1584 4332 2104 
94 1313 316 5442 2631 1790 1991 9652 956 2720 5477 2850 2639 8087 4103 7635 2286 515 3121 365 2729 1526 450 1661 5633 7639 7981 1168 1270 5271 957 5119 938 1047 748 8835 1202 1812 2923 1771 2402 
95 758 9864 1381 991 1784 3584 987 8494 7811 695 3413 8884 1180 3136 311 749 1241 921 1878 9119 1118 2797 1216 3055 2179 4285 1046 9365 
96 2887 719 8104 2745 6009 3512 576 8240 2294 9885 1946 526 3082 597 9782 609 966 1374 496 830 8940 2633 579 4759 232 4702 1024 728 624 1495 
97 1478 413 960 278 1938 4301 3397 691 4947 5065 6257 6102 6906 3782 3769 6454 1112 4137 9743 3151 1138 2070 2108 1868 7092 3997 1095 630 462 3391 3682 4142 6361 5276 3231 815 9691 
98 85 206 74 71 234 9663 834 202 499 78 209 1325 308 57 181 683 519 366 395 623 237 3 5180 216 111 2421 41 9004 3567 110 8992 
99 1851 7109 180 1390 1670 345 391 1010 399 440 291 858 153 3469 770 56 881 1044 169 4504 429 423 27 1466 8599 38 4196 9931 32 1931 1521 155 
